,Unnamed: 0,scaled_input_duration_in_month,scaled_input_credit_amount,scaled_input_installment_as_income_perc,scaled_input_present_res_since,scaled_input_age,scaled_input_account_check_status,scaled_input_credit_history,scaled_input_purpose,scaled_input_savings,scaled_input_present_emp_since,scaled_input_personal_status_sex,scaled_input_other_debtors,scaled_input_property,scaled_input_other_installment_plans,scaled_input_housing,scaled_input_credits_this_bank,scaled_input_job,scaled_input_people_under_maintenance,scaled_input_telephone,scaled_input_foreign_worker,scaled_input_default,origin_input_duration_in_month,origin_input_credit_amount,origin_input_installment_as_income_perc,origin_input_present_res_since,origin_input_age,origin_input_account_check_status,origin_input_credit_history,origin_input_purpose,origin_input_savings,origin_input_present_emp_since,origin_input_personal_status_sex,origin_input_other_debtors,origin_input_property,origin_input_other_installment_plans,origin_input_housing,origin_input_credits_this_bank,origin_input_job,origin_input_people_under_maintenance,origin_input_telephone,origin_input_foreign_worker,origin_input_default,running_time,Found,ground_truth,prediction,scaled_cf_duration_in_month,scaled_cf_credit_amount,scaled_cf_installment_as_income_perc,scaled_cf_present_res_since,scaled_cf_age,scaled_cf_account_check_status,scaled_cf_credit_history,scaled_cf_purpose,scaled_cf_savings,scaled_cf_present_emp_since,scaled_cf_personal_status_sex,scaled_cf_other_debtors,scaled_cf_property,scaled_cf_other_installment_plans,scaled_cf_housing,scaled_cf_credits_this_bank,scaled_cf_job,scaled_cf_people_under_maintenance,scaled_cf_telephone,scaled_cf_foreign_worker,scaled_cf_default,origin_cf_duration_in_month,origin_cf_credit_amount,origin_cf_installment_as_income_perc,origin_cf_present_res_since,origin_cf_age,origin_cf_account_check_status,origin_cf_credit_history,origin_cf_purpose,origin_cf_savings,origin_cf_present_emp_since,origin_cf_personal_status_sex,origin_cf_other_debtors,origin_cf_property,origin_cf_other_installment_plans,origin_cf_housing,origin_cf_credits_this_bank,origin_cf_job,origin_cf_people_under_maintenance,origin_cf_telephone,origin_cf_foreign_worker,origin_cf_default
0,0,0.4705882352941176,0.3651920325740068,1.0,0.6666666666666667,0.1785714285714285,< 0 DM,delay in paying off in the past,(vacation - does not exist?),... < 100 DM,1 <= ... < 4 years,male : single,none,if not A121 : building society savings agreement/ life insurance,stores,own,1,skilled employee / official,1,"yes, registered under the customers name ",yes,Y,36.0,6887.0,4.0,3.0,29.0,< 0 DM,delay in paying off in the past,(vacation - does not exist?),... < 100 DM,1 <= ... < 4 years,male : single,none,if not A121 : building society savings agreement/ life insurance,stores,own,1,skilled employee / official,1,"yes, registered under the customers name ",yes,Y,31.7076952457428,N,Y,Y,,,,,,,,,,,,,,,,,,,,,,,,,,,,,,,,,,,,,,,,,,
0,0,0.4705882352941176,0.3651920325740068,1.0,0.6666666666666667,0.1785714285714285,< 0 DM,delay in paying off in the past,(vacation - does not exist?),... < 100 DM,1 <= ... < 4 years,male : single,none,if not A121 : building society savings agreement/ life insurance,stores,own,1,skilled employee / official,1,"yes, registered under the customers name ",yes,Y,36.0,6887.0,4.0,3.0,29.0,< 0 DM,delay in paying off in the past,(vacation - does not exist?),... < 100 DM,1 <= ... < 4 years,male : single,none,if not A121 : building society savings agreement/ life insurance,stores,own,1,skilled employee / official,1,"yes, registered under the customers name ",yes,Y,36.69399905204773,N,Y,Y,,,,,,,,,,,,,,,,,,,,,,,,,,,,,,,,,,,,,,,,,,
0,0,0.4705882352941176,0.3651920325740068,1.0,0.6666666666666667,0.1785714285714285,< 0 DM,delay in paying off in the past,(vacation - does not exist?),... < 100 DM,1 <= ... < 4 years,male : single,none,if not A121 : building society savings agreement/ life insurance,stores,own,1,skilled employee / official,1,"yes, registered under the customers name ",yes,Y,36.0,6887.0,4.0,3.0,29.0,< 0 DM,delay in paying off in the past,(vacation - does not exist?),... < 100 DM,1 <= ... < 4 years,male : single,none,if not A121 : building society savings agreement/ life insurance,stores,own,1,skilled employee / official,1,"yes, registered under the customers name ",yes,Y,30.4440598487854,N,Y,Y,,,,,,,,,,,,,,,,,,,,,,,,,,,,,,,,,,,,,,,,,,
0,0,0.4705882352941176,0.3651920325740068,1.0,0.6666666666666667,0.1785714285714285,< 0 DM,delay in paying off in the past,(vacation - does not exist?),... < 100 DM,1 <= ... < 4 years,male : single,none,if not A121 : building society savings agreement/ life insurance,stores,own,1,skilled employee / official,1,"yes, registered under the customers name ",yes,Y,36.0,6887.0,4.0,3.0,29.0,< 0 DM,delay in paying off in the past,(vacation - does not exist?),... < 100 DM,1 <= ... < 4 years,male : single,none,if not A121 : building society savings agreement/ life insurance,stores,own,1,skilled employee / official,1,"yes, registered under the customers name ",yes,Y,32.149128913879395,N,Y,Y,,,,,,,,,,,,,,,,,,,,,,,,,,,,,,,,,,,,,,,,,,
0,0,0.4705882352941176,0.3651920325740068,1.0,0.6666666666666667,0.1785714285714285,< 0 DM,delay in paying off in the past,(vacation - does not exist?),... < 100 DM,1 <= ... < 4 years,male : single,none,if not A121 : building society savings agreement/ life insurance,stores,own,1,skilled employee / official,1,"yes, registered under the customers name ",yes,Y,36.0,6887.0,4.0,3.0,29.0,< 0 DM,delay in paying off in the past,(vacation - does not exist?),... < 100 DM,1 <= ... < 4 years,male : single,none,if not A121 : building society savings agreement/ life insurance,stores,own,1,skilled employee / official,1,"yes, registered under the customers name ",yes,Y,30.53741693496704,N,Y,Y,,,,,,,,,,,,,,,,,,,,,,,,,,,,,,,,,,,,,,,,,,
1,0,0.1176470588235294,0.0358754264333663,1.0,1.0,0.0357142857142857,< 0 DM,existing credits paid back duly till now,retraining,... < 100 DM,4 <= ... < 7 years,male : married/widowed,none,if not A121 : building society savings agreement/ life insurance,none,rent,1,skilled employee / official,1,none,yes,N,11.999999999999998,902.0,4.0,4.0,21.0,< 0 DM,existing credits paid back duly till now,retraining,... < 100 DM,4 <= ... < 7 years,male : married/widowed,none,if not A121 : building society savings agreement/ life insurance,none,rent,1,skilled employee / official,1,none,yes,N,29.286003828048703,Y,Y,N,0.0,0.0,1.0,1.0,0.0,no checking account,critical account/ other credits existing (not at this bank),business,500 <= ... < 1000 DM ,... < 1 year ,male : single,co-applicant,"if not A121/A122 : car or other, not in attribute 6",none,own,2.0,unskilled - resident,1.0,"yes, registered under the customers name ",no,Y,4.0,250.0,4.0,4.0,19.0,no checking account,critical account/ other credits existing (not at this bank),business,500 <= ... < 1000 DM ,... < 1 year ,male : single,co-applicant,"if not A121/A122 : car or other, not in attribute 6",none,own,2.0,unskilled - resident,1.0,"yes, registered under the customers name ",no,Y
1,0,0.1176470588235294,0.0358754264333663,1.0,1.0,0.0357142857142857,< 0 DM,existing credits paid back duly till now,retraining,... < 100 DM,4 <= ... < 7 years,male : married/widowed,none,if not A121 : building society savings agreement/ life insurance,none,rent,1,skilled employee / official,1,none,yes,N,11.999999999999998,902.0,4.0,4.0,21.0,< 0 DM,existing credits paid back duly till now,retraining,... < 100 DM,4 <= ... < 7 years,male : married/widowed,none,if not A121 : building society savings agreement/ life insurance,none,rent,1,skilled employee / official,1,none,yes,N,32.720975160598755,Y,Y,N,0.0,0.0,1.0,1.0,0.0,no checking account,critical account/ other credits existing (not at this bank),business,500 <= ... < 1000 DM ,... < 1 year ,male : single,co-applicant,"if not A121/A122 : car or other, not in attribute 6",none,own,2.0,unskilled - resident,1.0,"yes, registered under the customers name ",no,Y,4.0,250.0,4.0,4.0,19.0,no checking account,critical account/ other credits existing (not at this bank),business,500 <= ... < 1000 DM ,... < 1 year ,male : single,co-applicant,"if not A121/A122 : car or other, not in attribute 6",none,own,2.0,unskilled - resident,1.0,"yes, registered under the customers name ",no,Y
1,0,0.1176470588235294,0.0358754264333663,1.0,1.0,0.0357142857142857,< 0 DM,existing credits paid back duly till now,retraining,... < 100 DM,4 <= ... < 7 years,male : married/widowed,none,if not A121 : building society savings agreement/ life insurance,none,rent,1,skilled employee / official,1,none,yes,N,11.999999999999998,902.0,4.0,4.0,21.0,< 0 DM,existing credits paid back duly till now,retraining,... < 100 DM,4 <= ... < 7 years,male : married/widowed,none,if not A121 : building society savings agreement/ life insurance,none,rent,1,skilled employee / official,1,none,yes,N,29.669387102127075,Y,Y,N,0.0,0.0,1.0,1.0,0.0,no checking account,critical account/ other credits existing (not at this bank),business,500 <= ... < 1000 DM ,... < 1 year ,male : single,co-applicant,"if not A121/A122 : car or other, not in attribute 6",none,own,2.0,unskilled - resident,1.0,"yes, registered under the customers name ",no,Y,4.0,250.0,4.0,4.0,19.0,no checking account,critical account/ other credits existing (not at this bank),business,500 <= ... < 1000 DM ,... < 1 year ,male : single,co-applicant,"if not A121/A122 : car or other, not in attribute 6",none,own,2.0,unskilled - resident,1.0,"yes, registered under the customers name ",no,Y
1,0,0.1176470588235294,0.0358754264333663,1.0,1.0,0.0357142857142857,< 0 DM,existing credits paid back duly till now,retraining,... < 100 DM,4 <= ... < 7 years,male : married/widowed,none,if not A121 : building society savings agreement/ life insurance,none,rent,1,skilled employee / official,1,none,yes,N,11.999999999999998,902.0,4.0,4.0,21.0,< 0 DM,existing credits paid back duly till now,retraining,... < 100 DM,4 <= ... < 7 years,male : married/widowed,none,if not A121 : building society savings agreement/ life insurance,none,rent,1,skilled employee / official,1,none,yes,N,29.983736038208008,Y,Y,N,0.0,0.0,1.0,1.0,0.0,no checking account,critical account/ other credits existing (not at this bank),business,500 <= ... < 1000 DM ,... < 1 year ,male : single,co-applicant,"if not A121/A122 : car or other, not in attribute 6",none,own,2.0,unskilled - resident,1.0,"yes, registered under the customers name ",no,Y,4.0,250.0,4.0,4.0,19.0,no checking account,critical account/ other credits existing (not at this bank),business,500 <= ... < 1000 DM ,... < 1 year ,male : single,co-applicant,"if not A121/A122 : car or other, not in attribute 6",none,own,2.0,unskilled - resident,1.0,"yes, registered under the customers name ",no,Y
1,0,0.1176470588235294,0.0358754264333663,1.0,1.0,0.0357142857142857,< 0 DM,existing credits paid back duly till now,retraining,... < 100 DM,4 <= ... < 7 years,male : married/widowed,none,if not A121 : building society savings agreement/ life insurance,none,rent,1,skilled employee / official,1,none,yes,N,11.999999999999998,902.0,4.0,4.0,21.0,< 0 DM,existing credits paid back duly till now,retraining,... < 100 DM,4 <= ... < 7 years,male : married/widowed,none,if not A121 : building society savings agreement/ life insurance,none,rent,1,skilled employee / official,1,none,yes,N,28.96287322044373,Y,Y,N,0.0,0.0,1.0,1.0,0.0,no checking account,critical account/ other credits existing (not at this bank),business,500 <= ... < 1000 DM ,... < 1 year ,male : single,co-applicant,"if not A121/A122 : car or other, not in attribute 6",none,own,2.0,unskilled - resident,1.0,"yes, registered under the customers name ",no,Y,4.0,250.0,4.0,4.0,19.0,no checking account,critical account/ other credits existing (not at this bank),business,500 <= ... < 1000 DM ,... < 1 year ,male : single,co-applicant,"if not A121/A122 : car or other, not in attribute 6",none,own,2.0,unskilled - resident,1.0,"yes, registered under the customers name ",no,Y
2,0,0.2941176470588235,0.1146142841421811,1.0,0.3333333333333333,0.1785714285714285,0 <= ... < 200 DM,delay in paying off in the past,radio/television,unknown/ no savings account,... < 1 year ,male : single,none,if not A121 : building society savings agreement/ life insurance,bank,own,1,unskilled - resident,1,none,yes,N,24.0,2333.0,4.0,2.0,29.0,0 <= ... < 200 DM,delay in paying off in the past,radio/television,unknown/ no savings account,... < 1 year ,male : single,none,if not A121 : building society savings agreement/ life insurance,bank,own,1,unskilled - resident,1,none,yes,N,29.207669019699097,Y,N,N,0.0,0.0,1.0,0.0,0.0,no checking account,critical account/ other credits existing (not at this bank),business,500 <= ... < 1000 DM ,... < 1 year ,male : single,co-applicant,"if not A121/A122 : car or other, not in attribute 6",none,own,2.0,unskilled - resident,1.0,"yes, registered under the customers name ",no,Y,4.0,250.0,4.0,1.0,19.0,no checking account,critical account/ other credits existing (not at this bank),business,500 <= ... < 1000 DM ,... < 1 year ,male : single,co-applicant,"if not A121/A122 : car or other, not in attribute 6",none,own,2.0,unskilled - resident,1.0,"yes, registered under the customers name ",no,Y
2,0,0.2941176470588235,0.1146142841421811,1.0,0.3333333333333333,0.1785714285714285,0 <= ... < 200 DM,delay in paying off in the past,radio/television,unknown/ no savings account,... < 1 year ,male : single,none,if not A121 : building society savings agreement/ life insurance,bank,own,1,unskilled - resident,1,none,yes,N,24.0,2333.0,4.0,2.0,29.0,0 <= ... < 200 DM,delay in paying off in the past,radio/television,unknown/ no savings account,... < 1 year ,male : single,none,if not A121 : building society savings agreement/ life insurance,bank,own,1,unskilled - resident,1,none,yes,N,31.487290143966675,Y,N,N,0.0,0.0,1.0,0.0,0.0,no checking account,critical account/ other credits existing (not at this bank),business,500 <= ... < 1000 DM ,... < 1 year ,male : single,co-applicant,"if not A121/A122 : car or other, not in attribute 6",none,own,2.0,unskilled - resident,1.0,"yes, registered under the customers name ",no,Y,4.0,250.0,4.0,1.0,19.0,no checking account,critical account/ other credits existing (not at this bank),business,500 <= ... < 1000 DM ,... < 1 year ,male : single,co-applicant,"if not A121/A122 : car or other, not in attribute 6",none,own,2.0,unskilled - resident,1.0,"yes, registered under the customers name ",no,Y
2,0,0.2941176470588235,0.1146142841421811,1.0,0.3333333333333333,0.1785714285714285,0 <= ... < 200 DM,delay in paying off in the past,radio/television,unknown/ no savings account,... < 1 year ,male : single,none,if not A121 : building society savings agreement/ life insurance,bank,own,1,unskilled - resident,1,none,yes,N,24.0,2333.0,4.0,2.0,29.0,0 <= ... < 200 DM,delay in paying off in the past,radio/television,unknown/ no savings account,... < 1 year ,male : single,none,if not A121 : building society savings agreement/ life insurance,bank,own,1,unskilled - resident,1,none,yes,N,29.63132381439209,Y,N,N,0.0,0.0,1.0,0.0,0.0,no checking account,critical account/ other credits existing (not at this bank),business,500 <= ... < 1000 DM ,... < 1 year ,male : single,co-applicant,"if not A121/A122 : car or other, not in attribute 6",none,own,2.0,unskilled - resident,1.0,"yes, registered under the customers name ",no,Y,4.0,250.0,4.0,1.0,19.0,no checking account,critical account/ other credits existing (not at this bank),business,500 <= ... < 1000 DM ,... < 1 year ,male : single,co-applicant,"if not A121/A122 : car or other, not in attribute 6",none,own,2.0,unskilled - resident,1.0,"yes, registered under the customers name ",no,Y
2,0,0.2941176470588235,0.1146142841421811,1.0,0.3333333333333333,0.1785714285714285,0 <= ... < 200 DM,delay in paying off in the past,radio/television,unknown/ no savings account,... < 1 year ,male : single,none,if not A121 : building society savings agreement/ life insurance,bank,own,1,unskilled - resident,1,none,yes,N,24.0,2333.0,4.0,2.0,29.0,0 <= ... < 200 DM,delay in paying off in the past,radio/television,unknown/ no savings account,... < 1 year ,male : single,none,if not A121 : building society savings agreement/ life insurance,bank,own,1,unskilled - resident,1,none,yes,N,30.602399110794067,Y,N,N,0.0,0.0,1.0,0.0,0.0,no checking account,critical account/ other credits existing (not at this bank),business,500 <= ... < 1000 DM ,... < 1 year ,male : single,co-applicant,"if not A121/A122 : car or other, not in attribute 6",none,own,2.0,unskilled - resident,1.0,"yes, registered under the customers name ",no,Y,4.0,250.0,4.0,1.0,19.0,no checking account,critical account/ other credits existing (not at this bank),business,500 <= ... < 1000 DM ,... < 1 year ,male : single,co-applicant,"if not A121/A122 : car or other, not in attribute 6",none,own,2.0,unskilled - resident,1.0,"yes, registered under the customers name ",no,Y
2,0,0.2941176470588235,0.1146142841421811,1.0,0.3333333333333333,0.1785714285714285,0 <= ... < 200 DM,delay in paying off in the past,radio/television,unknown/ no savings account,... < 1 year ,male : single,none,if not A121 : building society savings agreement/ life insurance,bank,own,1,unskilled - resident,1,none,yes,N,24.0,2333.0,4.0,2.0,29.0,0 <= ... < 200 DM,delay in paying off in the past,radio/television,unknown/ no savings account,... < 1 year ,male : single,none,if not A121 : building society savings agreement/ life insurance,bank,own,1,unskilled - resident,1,none,yes,N,28.951400756835938,Y,N,N,0.0,0.0,1.0,0.0,0.0,no checking account,critical account/ other credits existing (not at this bank),business,500 <= ... < 1000 DM ,... < 1 year ,male : single,co-applicant,"if not A121/A122 : car or other, not in attribute 6",none,own,2.0,unskilled - resident,1.0,"yes, registered under the customers name ",no,Y,4.0,250.0,4.0,1.0,19.0,no checking account,critical account/ other credits existing (not at this bank),business,500 <= ... < 1000 DM ,... < 1 year ,male : single,co-applicant,"if not A121/A122 : car or other, not in attribute 6",none,own,2.0,unskilled - resident,1.0,"yes, registered under the customers name ",no,Y
3,0,0.2058823529411764,0.0984373280510619,0.0,1.0,0.0178571428571428,< 0 DM,existing credits paid back duly till now,radio/television,... < 100 DM,1 <= ... < 4 years,female : divorced/separated/married,none,real estate,bank,rent,1,skilled employee / official,1,none,yes,Y,18.0,2039.0,1.0,4.0,20.0,< 0 DM,existing credits paid back duly till now,radio/television,... < 100 DM,1 <= ... < 4 years,female : divorced/separated/married,none,real estate,bank,rent,1,skilled employee / official,1,none,yes,Y,29.853489875793457,N,Y,Y,,,,,,,,,,,,,,,,,,,,,,,,,,,,,,,,,,,,,,,,,,
3,0,0.2058823529411764,0.0984373280510619,0.0,1.0,0.0178571428571428,< 0 DM,existing credits paid back duly till now,radio/television,... < 100 DM,1 <= ... < 4 years,female : divorced/separated/married,none,real estate,bank,rent,1,skilled employee / official,1,none,yes,Y,18.0,2039.0,1.0,4.0,20.0,< 0 DM,existing credits paid back duly till now,radio/television,... < 100 DM,1 <= ... < 4 years,female : divorced/separated/married,none,real estate,bank,rent,1,skilled employee / official,1,none,yes,Y,31.31487512588501,N,Y,Y,,,,,,,,,,,,,,,,,,,,,,,,,,,,,,,,,,,,,,,,,,
3,0,0.2058823529411764,0.0984373280510619,0.0,1.0,0.0178571428571428,< 0 DM,existing credits paid back duly till now,radio/television,... < 100 DM,1 <= ... < 4 years,female : divorced/separated/married,none,real estate,bank,rent,1,skilled employee / official,1,none,yes,Y,18.0,2039.0,1.0,4.0,20.0,< 0 DM,existing credits paid back duly till now,radio/television,... < 100 DM,1 <= ... < 4 years,female : divorced/separated/married,none,real estate,bank,rent,1,skilled employee / official,1,none,yes,Y,29.75445508956909,N,Y,Y,,,,,,,,,,,,,,,,,,,,,,,,,,,,,,,,,,,,,,,,,,
3,0,0.2058823529411764,0.0984373280510619,0.0,1.0,0.0178571428571428,< 0 DM,existing credits paid back duly till now,radio/television,... < 100 DM,1 <= ... < 4 years,female : divorced/separated/married,none,real estate,bank,rent,1,skilled employee / official,1,none,yes,Y,18.0,2039.0,1.0,4.0,20.0,< 0 DM,existing credits paid back duly till now,radio/television,... < 100 DM,1 <= ... < 4 years,female : divorced/separated/married,none,real estate,bank,rent,1,skilled employee / official,1,none,yes,Y,30.93058681488037,N,Y,Y,,,,,,,,,,,,,,,,,,,,,,,,,,,,,,,,,,,,,,,,,,
3,0,0.2058823529411764,0.0984373280510619,0.0,1.0,0.0178571428571428,< 0 DM,existing credits paid back duly till now,radio/television,... < 100 DM,1 <= ... < 4 years,female : divorced/separated/married,none,real estate,bank,rent,1,skilled employee / official,1,none,yes,Y,18.0,2039.0,1.0,4.0,20.0,< 0 DM,existing credits paid back duly till now,radio/television,... < 100 DM,1 <= ... < 4 years,female : divorced/separated/married,none,real estate,bank,rent,1,skilled employee / official,1,none,yes,Y,29.15393900871277,N,Y,Y,,,,,,,,,,,,,,,,,,,,,,,,,,,,,,,,,,,,,,,,,,
4,0,0.1617647058823529,0.1363486299108617,1.0,0.3333333333333333,0.2857142857142857,0 <= ... < 200 DM,critical account/ other credits existing (not at this bank),domestic appliances,unknown/ no savings account,4 <= ... < 7 years,male : single,guarantor,real estate,bank,own,3,skilled employee / official,1,"yes, registered under the customers name ",yes,N,15.0,2728.0,4.0,2.0,35.0,0 <= ... < 200 DM,critical account/ other credits existing (not at this bank),domestic appliances,unknown/ no savings account,4 <= ... < 7 years,male : single,guarantor,real estate,bank,own,3,skilled employee / official,1,"yes, registered under the customers name ",yes,N,28.987159967422485,Y,N,N,0.0,0.0,1.0,0.0,0.0,no checking account,critical account/ other credits existing (not at this bank),business,500 <= ... < 1000 DM ,... < 1 year ,male : single,co-applicant,"if not A121/A122 : car or other, not in attribute 6",none,own,2.0,unskilled - resident,1.0,"yes, registered under the customers name ",no,Y,4.0,250.0,4.0,1.0,19.0,no checking account,critical account/ other credits existing (not at this bank),business,500 <= ... < 1000 DM ,... < 1 year ,male : single,co-applicant,"if not A121/A122 : car or other, not in attribute 6",none,own,2.0,unskilled - resident,1.0,"yes, registered under the customers name ",no,Y
4,0,0.1617647058823529,0.1363486299108617,1.0,0.3333333333333333,0.2857142857142857,0 <= ... < 200 DM,critical account/ other credits existing (not at this bank),domestic appliances,unknown/ no savings account,4 <= ... < 7 years,male : single,guarantor,real estate,bank,own,3,skilled employee / official,1,"yes, registered under the customers name ",yes,N,15.0,2728.0,4.0,2.0,35.0,0 <= ... < 200 DM,critical account/ other credits existing (not at this bank),domestic appliances,unknown/ no savings account,4 <= ... < 7 years,male : single,guarantor,real estate,bank,own,3,skilled employee / official,1,"yes, registered under the customers name ",yes,N,30.72781014442444,Y,N,N,0.0,0.0,1.0,0.0,0.0,no checking account,critical account/ other credits existing (not at this bank),business,500 <= ... < 1000 DM ,... < 1 year ,male : single,co-applicant,"if not A121/A122 : car or other, not in attribute 6",none,own,2.0,unskilled - resident,1.0,"yes, registered under the customers name ",no,Y,4.0,250.0,4.0,1.0,19.0,no checking account,critical account/ other credits existing (not at this bank),business,500 <= ... < 1000 DM ,... < 1 year ,male : single,co-applicant,"if not A121/A122 : car or other, not in attribute 6",none,own,2.0,unskilled - resident,1.0,"yes, registered under the customers name ",no,Y
4,0,0.1617647058823529,0.1363486299108617,1.0,0.3333333333333333,0.2857142857142857,0 <= ... < 200 DM,critical account/ other credits existing (not at this bank),domestic appliances,unknown/ no savings account,4 <= ... < 7 years,male : single,guarantor,real estate,bank,own,3,skilled employee / official,1,"yes, registered under the customers name ",yes,N,15.0,2728.0,4.0,2.0,35.0,0 <= ... < 200 DM,critical account/ other credits existing (not at this bank),domestic appliances,unknown/ no savings account,4 <= ... < 7 years,male : single,guarantor,real estate,bank,own,3,skilled employee / official,1,"yes, registered under the customers name ",yes,N,29.390111923217773,Y,N,N,0.0,0.0,1.0,0.0,0.0,no checking account,critical account/ other credits existing (not at this bank),business,500 <= ... < 1000 DM ,... < 1 year ,male : single,co-applicant,"if not A121/A122 : car or other, not in attribute 6",none,own,2.0,unskilled - resident,1.0,"yes, registered under the customers name ",no,Y,4.0,250.0,4.0,1.0,19.0,no checking account,critical account/ other credits existing (not at this bank),business,500 <= ... < 1000 DM ,... < 1 year ,male : single,co-applicant,"if not A121/A122 : car or other, not in attribute 6",none,own,2.0,unskilled - resident,1.0,"yes, registered under the customers name ",no,Y
4,0,0.1617647058823529,0.1363486299108617,1.0,0.3333333333333333,0.2857142857142857,0 <= ... < 200 DM,critical account/ other credits existing (not at this bank),domestic appliances,unknown/ no savings account,4 <= ... < 7 years,male : single,guarantor,real estate,bank,own,3,skilled employee / official,1,"yes, registered under the customers name ",yes,N,15.0,2728.0,4.0,2.0,35.0,0 <= ... < 200 DM,critical account/ other credits existing (not at this bank),domestic appliances,unknown/ no savings account,4 <= ... < 7 years,male : single,guarantor,real estate,bank,own,3,skilled employee / official,1,"yes, registered under the customers name ",yes,N,31.1978771686554,Y,N,N,0.0,0.0,1.0,0.0,0.0,no checking account,critical account/ other credits existing (not at this bank),business,500 <= ... < 1000 DM ,... < 1 year ,male : single,co-applicant,"if not A121/A122 : car or other, not in attribute 6",none,own,2.0,unskilled - resident,1.0,"yes, registered under the customers name ",no,Y,4.0,250.0,4.0,1.0,19.0,no checking account,critical account/ other credits existing (not at this bank),business,500 <= ... < 1000 DM ,... < 1 year ,male : single,co-applicant,"if not A121/A122 : car or other, not in attribute 6",none,own,2.0,unskilled - resident,1.0,"yes, registered under the customers name ",no,Y
4,0,0.1617647058823529,0.1363486299108617,1.0,0.3333333333333333,0.2857142857142857,0 <= ... < 200 DM,critical account/ other credits existing (not at this bank),domestic appliances,unknown/ no savings account,4 <= ... < 7 years,male : single,guarantor,real estate,bank,own,3,skilled employee / official,1,"yes, registered under the customers name ",yes,N,15.0,2728.0,4.0,2.0,35.0,0 <= ... < 200 DM,critical account/ other credits existing (not at this bank),domestic appliances,unknown/ no savings account,4 <= ... < 7 years,male : single,guarantor,real estate,bank,own,3,skilled employee / official,1,"yes, registered under the customers name ",yes,N,29.112946033477783,Y,N,N,0.0,0.0,1.0,0.0,0.0,no checking account,critical account/ other credits existing (not at this bank),business,500 <= ... < 1000 DM ,... < 1 year ,male : single,co-applicant,"if not A121/A122 : car or other, not in attribute 6",none,own,2.0,unskilled - resident,1.0,"yes, registered under the customers name ",no,Y,4.0,250.0,4.0,1.0,19.0,no checking account,critical account/ other credits existing (not at this bank),business,500 <= ... < 1000 DM ,... < 1 year ,male : single,co-applicant,"if not A121/A122 : car or other, not in attribute 6",none,own,2.0,unskilled - resident,1.0,"yes, registered under the customers name ",no,Y
5,0,0.1617647058823529,0.0656982502476064,1.0,0.0,0.0714285714285714,0 <= ... < 200 DM,existing credits paid back duly till now,domestic appliances,unknown/ no savings account,... < 1 year ,male : single,none,if not A121 : building society savings agreement/ life insurance,none,own,1,skilled employee / official,1,none,yes,N,15.0,1444.0,4.0,1.0,23.0,0 <= ... < 200 DM,existing credits paid back duly till now,domestic appliances,unknown/ no savings account,... < 1 year ,male : single,none,if not A121 : building society savings agreement/ life insurance,none,own,1,skilled employee / official,1,none,yes,N,28.96883797645569,Y,N,N,0.0,0.0,1.0,0.0,0.0,no checking account,critical account/ other credits existing (not at this bank),business,500 <= ... < 1000 DM ,... < 1 year ,male : single,co-applicant,"if not A121/A122 : car or other, not in attribute 6",none,own,2.0,unskilled - resident,1.0,"yes, registered under the customers name ",no,Y,4.0,250.0,4.0,1.0,19.0,no checking account,critical account/ other credits existing (not at this bank),business,500 <= ... < 1000 DM ,... < 1 year ,male : single,co-applicant,"if not A121/A122 : car or other, not in attribute 6",none,own,2.0,unskilled - resident,1.0,"yes, registered under the customers name ",no,Y
5,0,0.1617647058823529,0.0656982502476064,1.0,0.0,0.0714285714285714,0 <= ... < 200 DM,existing credits paid back duly till now,domestic appliances,unknown/ no savings account,... < 1 year ,male : single,none,if not A121 : building society savings agreement/ life insurance,none,own,1,skilled employee / official,1,none,yes,N,15.0,1444.0,4.0,1.0,23.0,0 <= ... < 200 DM,existing credits paid back duly till now,domestic appliances,unknown/ no savings account,... < 1 year ,male : single,none,if not A121 : building society savings agreement/ life insurance,none,own,1,skilled employee / official,1,none,yes,N,31.05001282691956,Y,N,N,0.0,0.0,1.0,0.0,0.0,no checking account,critical account/ other credits existing (not at this bank),business,500 <= ... < 1000 DM ,... < 1 year ,male : single,co-applicant,"if not A121/A122 : car or other, not in attribute 6",none,own,2.0,unskilled - resident,1.0,"yes, registered under the customers name ",no,Y,4.0,250.0,4.0,1.0,19.0,no checking account,critical account/ other credits existing (not at this bank),business,500 <= ... < 1000 DM ,... < 1 year ,male : single,co-applicant,"if not A121/A122 : car or other, not in attribute 6",none,own,2.0,unskilled - resident,1.0,"yes, registered under the customers name ",no,Y
5,0,0.1617647058823529,0.0656982502476064,1.0,0.0,0.0714285714285714,0 <= ... < 200 DM,existing credits paid back duly till now,domestic appliances,unknown/ no savings account,... < 1 year ,male : single,none,if not A121 : building society savings agreement/ life insurance,none,own,1,skilled employee / official,1,none,yes,N,15.0,1444.0,4.0,1.0,23.0,0 <= ... < 200 DM,existing credits paid back duly till now,domestic appliances,unknown/ no savings account,... < 1 year ,male : single,none,if not A121 : building society savings agreement/ life insurance,none,own,1,skilled employee / official,1,none,yes,N,29.358572006225582,Y,N,N,0.0,0.0,1.0,0.0,0.0,no checking account,critical account/ other credits existing (not at this bank),business,500 <= ... < 1000 DM ,... < 1 year ,male : single,co-applicant,"if not A121/A122 : car or other, not in attribute 6",none,own,2.0,unskilled - resident,1.0,"yes, registered under the customers name ",no,Y,4.0,250.0,4.0,1.0,19.0,no checking account,critical account/ other credits existing (not at this bank),business,500 <= ... < 1000 DM ,... < 1 year ,male : single,co-applicant,"if not A121/A122 : car or other, not in attribute 6",none,own,2.0,unskilled - resident,1.0,"yes, registered under the customers name ",no,Y
5,0,0.1617647058823529,0.0656982502476064,1.0,0.0,0.0714285714285714,0 <= ... < 200 DM,existing credits paid back duly till now,domestic appliances,unknown/ no savings account,... < 1 year ,male : single,none,if not A121 : building society savings agreement/ life insurance,none,own,1,skilled employee / official,1,none,yes,N,15.0,1444.0,4.0,1.0,23.0,0 <= ... < 200 DM,existing credits paid back duly till now,domestic appliances,unknown/ no savings account,... < 1 year ,male : single,none,if not A121 : building society savings agreement/ life insurance,none,own,1,skilled employee / official,1,none,yes,N,31.197827100753784,Y,N,N,0.0,0.0,1.0,0.0,0.0,no checking account,critical account/ other credits existing (not at this bank),business,500 <= ... < 1000 DM ,... < 1 year ,male : single,co-applicant,"if not A121/A122 : car or other, not in attribute 6",none,own,2.0,unskilled - resident,1.0,"yes, registered under the customers name ",no,Y,4.0,250.0,4.0,1.0,19.0,no checking account,critical account/ other credits existing (not at this bank),business,500 <= ... < 1000 DM ,... < 1 year ,male : single,co-applicant,"if not A121/A122 : car or other, not in attribute 6",none,own,2.0,unskilled - resident,1.0,"yes, registered under the customers name ",no,Y
5,0,0.1617647058823529,0.0656982502476064,1.0,0.0,0.0714285714285714,0 <= ... < 200 DM,existing credits paid back duly till now,domestic appliances,unknown/ no savings account,... < 1 year ,male : single,none,if not A121 : building society savings agreement/ life insurance,none,own,1,skilled employee / official,1,none,yes,N,15.0,1444.0,4.0,1.0,23.0,0 <= ... < 200 DM,existing credits paid back duly till now,domestic appliances,unknown/ no savings account,... < 1 year ,male : single,none,if not A121 : building society savings agreement/ life insurance,none,own,1,skilled employee / official,1,none,yes,N,29.231869220733643,Y,N,N,0.0,0.0,1.0,0.0,0.0,no checking account,critical account/ other credits existing (not at this bank),business,500 <= ... < 1000 DM ,... < 1 year ,male : single,co-applicant,"if not A121/A122 : car or other, not in attribute 6",none,own,2.0,unskilled - resident,1.0,"yes, registered under the customers name ",no,Y,4.0,250.0,4.0,1.0,19.0,no checking account,critical account/ other credits existing (not at this bank),business,500 <= ... < 1000 DM ,... < 1 year ,male : single,co-applicant,"if not A121/A122 : car or other, not in attribute 6",none,own,2.0,unskilled - resident,1.0,"yes, registered under the customers name ",no,Y
6,0,0.4705882352941176,0.2323649169142731,1.0,0.3333333333333333,0.2142857142857142,>= 200 DM / salary assignments for at least 1 year,existing credits paid back duly till now,domestic appliances,... < 100 DM,.. >= 7 years,male : single,none,"if not A121/A122 : car or other, not in attribute 6",none,own,1,skilled employee / official,1,none,yes,Y,36.0,4473.0,4.0,2.0,31.0,>= 200 DM / salary assignments for at least 1 year,existing credits paid back duly till now,domestic appliances,... < 100 DM,.. >= 7 years,male : single,none,"if not A121/A122 : car or other, not in attribute 6",none,own,1,skilled employee / official,1,none,yes,Y,29.404496908187863,N,N,Y,,,,,,,,,,,,,,,,,,,,,,,,,,,,,,,,,,,,,,,,,,
6,0,0.4705882352941176,0.2323649169142731,1.0,0.3333333333333333,0.2142857142857142,>= 200 DM / salary assignments for at least 1 year,existing credits paid back duly till now,domestic appliances,... < 100 DM,.. >= 7 years,male : single,none,"if not A121/A122 : car or other, not in attribute 6",none,own,1,skilled employee / official,1,none,yes,Y,36.0,4473.0,4.0,2.0,31.0,>= 200 DM / salary assignments for at least 1 year,existing credits paid back duly till now,domestic appliances,... < 100 DM,.. >= 7 years,male : single,none,"if not A121/A122 : car or other, not in attribute 6",none,own,1,skilled employee / official,1,none,yes,Y,31.73033690452576,N,N,Y,,,,,,,,,,,,,,,,,,,,,,,,,,,,,,,,,,,,,,,,,,
6,0,0.4705882352941176,0.2323649169142731,1.0,0.3333333333333333,0.2142857142857142,>= 200 DM / salary assignments for at least 1 year,existing credits paid back duly till now,domestic appliances,... < 100 DM,.. >= 7 years,male : single,none,"if not A121/A122 : car or other, not in attribute 6",none,own,1,skilled employee / official,1,none,yes,Y,36.0,4473.0,4.0,2.0,31.0,>= 200 DM / salary assignments for at least 1 year,existing credits paid back duly till now,domestic appliances,... < 100 DM,.. >= 7 years,male : single,none,"if not A121/A122 : car or other, not in attribute 6",none,own,1,skilled employee / official,1,none,yes,Y,29.802377939224243,N,N,Y,,,,,,,,,,,,,,,,,,,,,,,,,,,,,,,,,,,,,,,,,,
6,0,0.4705882352941176,0.2323649169142731,1.0,0.3333333333333333,0.2142857142857142,>= 200 DM / salary assignments for at least 1 year,existing credits paid back duly till now,domestic appliances,... < 100 DM,.. >= 7 years,male : single,none,"if not A121/A122 : car or other, not in attribute 6",none,own,1,skilled employee / official,1,none,yes,Y,36.0,4473.0,4.0,2.0,31.0,>= 200 DM / salary assignments for at least 1 year,existing credits paid back duly till now,domestic appliances,... < 100 DM,.. >= 7 years,male : single,none,"if not A121/A122 : car or other, not in attribute 6",none,own,1,skilled employee / official,1,none,yes,Y,31.7370662689209,N,N,Y,,,,,,,,,,,,,,,,,,,,,,,,,,,,,,,,,,,,,,,,,,
6,0,0.4705882352941176,0.2323649169142731,1.0,0.3333333333333333,0.2142857142857142,>= 200 DM / salary assignments for at least 1 year,existing credits paid back duly till now,domestic appliances,... < 100 DM,.. >= 7 years,male : single,none,"if not A121/A122 : car or other, not in attribute 6",none,own,1,skilled employee / official,1,none,yes,Y,36.0,4473.0,4.0,2.0,31.0,>= 200 DM / salary assignments for at least 1 year,existing credits paid back duly till now,domestic appliances,... < 100 DM,.. >= 7 years,male : single,none,"if not A121/A122 : car or other, not in attribute 6",none,own,1,skilled employee / official,1,none,yes,Y,29.90055584907532,N,N,Y,,,,,,,,,,,,,,,,,,,,,,,,,,,,,,,,,,,,,,,,,,
7,0,0.1617647058823529,0.0809398041157697,0.3333333333333333,0.6666666666666667,0.3035714285714285,< 0 DM,existing credits paid back duly till now,car (new),... < 100 DM,... < 1 year ,male : single,none,real estate,none,own,1,skilled employee / official,1,none,yes,N,15.0,1721.0,2.0,3.0,36.0,< 0 DM,existing credits paid back duly till now,car (new),... < 100 DM,... < 1 year ,male : single,none,real estate,none,own,1,skilled employee / official,1,none,yes,N,29.119405031204224,Y,N,N,0.0,0.0,0.0,0.0,0.0,no checking account,critical account/ other credits existing (not at this bank),business,500 <= ... < 1000 DM ,... < 1 year ,male : single,co-applicant,"if not A121/A122 : car or other, not in attribute 6",none,own,2.0,unskilled - resident,1.0,"yes, registered under the customers name ",no,Y,4.0,250.0,1.0,1.0,19.0,no checking account,critical account/ other credits existing (not at this bank),business,500 <= ... < 1000 DM ,... < 1 year ,male : single,co-applicant,"if not A121/A122 : car or other, not in attribute 6",none,own,2.0,unskilled - resident,1.0,"yes, registered under the customers name ",no,Y
7,0,0.1617647058823529,0.0809398041157697,0.3333333333333333,0.6666666666666667,0.3035714285714285,< 0 DM,existing credits paid back duly till now,car (new),... < 100 DM,... < 1 year ,male : single,none,real estate,none,own,1,skilled employee / official,1,none,yes,N,15.0,1721.0,2.0,3.0,36.0,< 0 DM,existing credits paid back duly till now,car (new),... < 100 DM,... < 1 year ,male : single,none,real estate,none,own,1,skilled employee / official,1,none,yes,N,32.06671166419983,Y,N,N,0.0,0.0,0.0,0.0,0.0,no checking account,critical account/ other credits existing (not at this bank),business,500 <= ... < 1000 DM ,... < 1 year ,male : single,co-applicant,"if not A121/A122 : car or other, not in attribute 6",none,own,2.0,unskilled - resident,1.0,"yes, registered under the customers name ",no,Y,4.0,250.0,1.0,1.0,19.0,no checking account,critical account/ other credits existing (not at this bank),business,500 <= ... < 1000 DM ,... < 1 year ,male : single,co-applicant,"if not A121/A122 : car or other, not in attribute 6",none,own,2.0,unskilled - resident,1.0,"yes, registered under the customers name ",no,Y
7,0,0.1617647058823529,0.0809398041157697,0.3333333333333333,0.6666666666666667,0.3035714285714285,< 0 DM,existing credits paid back duly till now,car (new),... < 100 DM,... < 1 year ,male : single,none,real estate,none,own,1,skilled employee / official,1,none,yes,N,15.0,1721.0,2.0,3.0,36.0,< 0 DM,existing credits paid back duly till now,car (new),... < 100 DM,... < 1 year ,male : single,none,real estate,none,own,1,skilled employee / official,1,none,yes,N,29.642591953277588,Y,N,N,0.0,0.0,0.0,0.0,0.0,no checking account,critical account/ other credits existing (not at this bank),business,500 <= ... < 1000 DM ,... < 1 year ,male : single,co-applicant,"if not A121/A122 : car or other, not in attribute 6",none,own,2.0,unskilled - resident,1.0,"yes, registered under the customers name ",no,Y,4.0,250.0,1.0,1.0,19.0,no checking account,critical account/ other credits existing (not at this bank),business,500 <= ... < 1000 DM ,... < 1 year ,male : single,co-applicant,"if not A121/A122 : car or other, not in attribute 6",none,own,2.0,unskilled - resident,1.0,"yes, registered under the customers name ",no,Y
7,0,0.1617647058823529,0.0809398041157697,0.3333333333333333,0.6666666666666667,0.3035714285714285,< 0 DM,existing credits paid back duly till now,car (new),... < 100 DM,... < 1 year ,male : single,none,real estate,none,own,1,skilled employee / official,1,none,yes,N,15.0,1721.0,2.0,3.0,36.0,< 0 DM,existing credits paid back duly till now,car (new),... < 100 DM,... < 1 year ,male : single,none,real estate,none,own,1,skilled employee / official,1,none,yes,N,31.125788927078247,Y,N,N,0.0,0.0,0.0,0.0,0.0,no checking account,critical account/ other credits existing (not at this bank),business,500 <= ... < 1000 DM ,... < 1 year ,male : single,co-applicant,"if not A121/A122 : car or other, not in attribute 6",none,own,2.0,unskilled - resident,1.0,"yes, registered under the customers name ",no,Y,4.0,250.0,1.0,1.0,19.0,no checking account,critical account/ other credits existing (not at this bank),business,500 <= ... < 1000 DM ,... < 1 year ,male : single,co-applicant,"if not A121/A122 : car or other, not in attribute 6",none,own,2.0,unskilled - resident,1.0,"yes, registered under the customers name ",no,Y
7,0,0.1617647058823529,0.0809398041157697,0.3333333333333333,0.6666666666666667,0.3035714285714285,< 0 DM,existing credits paid back duly till now,car (new),... < 100 DM,... < 1 year ,male : single,none,real estate,none,own,1,skilled employee / official,1,none,yes,N,15.0,1721.0,2.0,3.0,36.0,< 0 DM,existing credits paid back duly till now,car (new),... < 100 DM,... < 1 year ,male : single,none,real estate,none,own,1,skilled employee / official,1,none,yes,N,29.51327109336853,Y,N,N,0.0,0.0,0.0,0.0,0.0,no checking account,critical account/ other credits existing (not at this bank),business,500 <= ... < 1000 DM ,... < 1 year ,male : single,co-applicant,"if not A121/A122 : car or other, not in attribute 6",none,own,2.0,unskilled - resident,1.0,"yes, registered under the customers name ",no,Y,4.0,250.0,1.0,1.0,19.0,no checking account,critical account/ other credits existing (not at this bank),business,500 <= ... < 1000 DM ,... < 1 year ,male : single,co-applicant,"if not A121/A122 : car or other, not in attribute 6",none,own,2.0,unskilled - resident,1.0,"yes, registered under the customers name ",no,Y
8,0,0.2941176470588235,0.3643666776713987,0.3333333333333333,0.0,0.6428571428571428,< 0 DM,all credits at this bank paid back duly,radio/television,... < 100 DM,... < 1 year ,male : divorced/separated,none,if not A121 : building society savings agreement/ life insurance,bank,own,1,skilled employee / official,1,"yes, registered under the customers name ",yes,Y,24.0,6872.000000000001,2.0,1.0,54.99999999999999,< 0 DM,all credits at this bank paid back duly,radio/television,... < 100 DM,... < 1 year ,male : divorced/separated,none,if not A121 : building society savings agreement/ life insurance,bank,own,1,skilled employee / official,1,"yes, registered under the customers name ",yes,Y,29.1662278175354,N,Y,Y,,,,,,,,,,,,,,,,,,,,,,,,,,,,,,,,,,,,,,,,,,
8,0,0.2941176470588235,0.3643666776713987,0.3333333333333333,0.0,0.6428571428571428,< 0 DM,all credits at this bank paid back duly,radio/television,... < 100 DM,... < 1 year ,male : divorced/separated,none,if not A121 : building society savings agreement/ life insurance,bank,own,1,skilled employee / official,1,"yes, registered under the customers name ",yes,Y,24.0,6872.000000000001,2.0,1.0,54.99999999999999,< 0 DM,all credits at this bank paid back duly,radio/television,... < 100 DM,... < 1 year ,male : divorced/separated,none,if not A121 : building society savings agreement/ life insurance,bank,own,1,skilled employee / official,1,"yes, registered under the customers name ",yes,Y,31.56235384941101,N,Y,Y,,,,,,,,,,,,,,,,,,,,,,,,,,,,,,,,,,,,,,,,,,
8,0,0.2941176470588235,0.3643666776713987,0.3333333333333333,0.0,0.6428571428571428,< 0 DM,all credits at this bank paid back duly,radio/television,... < 100 DM,... < 1 year ,male : divorced/separated,none,if not A121 : building society savings agreement/ life insurance,bank,own,1,skilled employee / official,1,"yes, registered under the customers name ",yes,Y,24.0,6872.000000000001,2.0,1.0,54.99999999999999,< 0 DM,all credits at this bank paid back duly,radio/television,... < 100 DM,... < 1 year ,male : divorced/separated,none,if not A121 : building society savings agreement/ life insurance,bank,own,1,skilled employee / official,1,"yes, registered under the customers name ",yes,Y,29.89141607284546,N,Y,Y,,,,,,,,,,,,,,,,,,,,,,,,,,,,,,,,,,,,,,,,,,
8,0,0.2941176470588235,0.3643666776713987,0.3333333333333333,0.0,0.6428571428571428,< 0 DM,all credits at this bank paid back duly,radio/television,... < 100 DM,... < 1 year ,male : divorced/separated,none,if not A121 : building society savings agreement/ life insurance,bank,own,1,skilled employee / official,1,"yes, registered under the customers name ",yes,Y,24.0,6872.000000000001,2.0,1.0,54.99999999999999,< 0 DM,all credits at this bank paid back duly,radio/television,... < 100 DM,... < 1 year ,male : divorced/separated,none,if not A121 : building society savings agreement/ life insurance,bank,own,1,skilled employee / official,1,"yes, registered under the customers name ",yes,Y,31.303664207458496,N,Y,Y,,,,,,,,,,,,,,,,,,,,,,,,,,,,,,,,,,,,,,,,,,
8,0,0.2941176470588235,0.3643666776713987,0.3333333333333333,0.0,0.6428571428571428,< 0 DM,all credits at this bank paid back duly,radio/television,... < 100 DM,... < 1 year ,male : divorced/separated,none,if not A121 : building society savings agreement/ life insurance,bank,own,1,skilled employee / official,1,"yes, registered under the customers name ",yes,Y,24.0,6872.000000000001,2.0,1.0,54.99999999999999,< 0 DM,all credits at this bank paid back duly,radio/television,... < 100 DM,... < 1 year ,male : divorced/separated,none,if not A121 : building society savings agreement/ life insurance,bank,own,1,skilled employee / official,1,"yes, registered under the customers name ",yes,Y,29.368512868881226,N,Y,Y,,,,,,,,,,,,,,,,,,,,,,,,,,,,,,,,,,,,,,,,,,
9,0,0.1617647058823529,0.0675690546935182,1.0,1.0,0.4464285714285714,< 0 DM,critical account/ other credits existing (not at this bank),radio/television,... < 100 DM,.. >= 7 years,male : single,none,"if not A121/A122 : car or other, not in attribute 6",none,own,2,skilled employee / official,2,"yes, registered under the customers name ",yes,N,15.0,1478.0,4.0,4.0,44.0,< 0 DM,critical account/ other credits existing (not at this bank),radio/television,... < 100 DM,.. >= 7 years,male : single,none,"if not A121/A122 : car or other, not in attribute 6",none,own,2,skilled employee / official,2,"yes, registered under the customers name ",yes,N,29.09554886817932,Y,N,N,0.0,0.0,1.0,1.0,0.0,no checking account,critical account/ other credits existing (not at this bank),business,500 <= ... < 1000 DM ,... < 1 year ,male : single,co-applicant,"if not A121/A122 : car or other, not in attribute 6",none,own,2.0,unskilled - resident,1.0,"yes, registered under the customers name ",no,Y,4.0,250.0,4.0,4.0,19.0,no checking account,critical account/ other credits existing (not at this bank),business,500 <= ... < 1000 DM ,... < 1 year ,male : single,co-applicant,"if not A121/A122 : car or other, not in attribute 6",none,own,2.0,unskilled - resident,1.0,"yes, registered under the customers name ",no,Y
9,0,0.1617647058823529,0.0675690546935182,1.0,1.0,0.4464285714285714,< 0 DM,critical account/ other credits existing (not at this bank),radio/television,... < 100 DM,.. >= 7 years,male : single,none,"if not A121/A122 : car or other, not in attribute 6",none,own,2,skilled employee / official,2,"yes, registered under the customers name ",yes,N,15.0,1478.0,4.0,4.0,44.0,< 0 DM,critical account/ other credits existing (not at this bank),radio/television,... < 100 DM,.. >= 7 years,male : single,none,"if not A121/A122 : car or other, not in attribute 6",none,own,2,skilled employee / official,2,"yes, registered under the customers name ",yes,N,30.231813192367557,Y,N,N,0.0,0.0,1.0,1.0,0.0,no checking account,critical account/ other credits existing (not at this bank),business,500 <= ... < 1000 DM ,... < 1 year ,male : single,co-applicant,"if not A121/A122 : car or other, not in attribute 6",none,own,2.0,unskilled - resident,1.0,"yes, registered under the customers name ",no,Y,4.0,250.0,4.0,4.0,19.0,no checking account,critical account/ other credits existing (not at this bank),business,500 <= ... < 1000 DM ,... < 1 year ,male : single,co-applicant,"if not A121/A122 : car or other, not in attribute 6",none,own,2.0,unskilled - resident,1.0,"yes, registered under the customers name ",no,Y
9,0,0.1617647058823529,0.0675690546935182,1.0,1.0,0.4464285714285714,< 0 DM,critical account/ other credits existing (not at this bank),radio/television,... < 100 DM,.. >= 7 years,male : single,none,"if not A121/A122 : car or other, not in attribute 6",none,own,2,skilled employee / official,2,"yes, registered under the customers name ",yes,N,15.0,1478.0,4.0,4.0,44.0,< 0 DM,critical account/ other credits existing (not at this bank),radio/television,... < 100 DM,.. >= 7 years,male : single,none,"if not A121/A122 : car or other, not in attribute 6",none,own,2,skilled employee / official,2,"yes, registered under the customers name ",yes,N,29.64124870300293,Y,N,N,0.0,0.0,1.0,1.0,0.0,no checking account,critical account/ other credits existing (not at this bank),business,500 <= ... < 1000 DM ,... < 1 year ,male : single,co-applicant,"if not A121/A122 : car or other, not in attribute 6",none,own,2.0,unskilled - resident,1.0,"yes, registered under the customers name ",no,Y,4.0,250.0,4.0,4.0,19.0,no checking account,critical account/ other credits existing (not at this bank),business,500 <= ... < 1000 DM ,... < 1 year ,male : single,co-applicant,"if not A121/A122 : car or other, not in attribute 6",none,own,2.0,unskilled - resident,1.0,"yes, registered under the customers name ",no,Y
9,0,0.1617647058823529,0.0675690546935182,1.0,1.0,0.4464285714285714,< 0 DM,critical account/ other credits existing (not at this bank),radio/television,... < 100 DM,.. >= 7 years,male : single,none,"if not A121/A122 : car or other, not in attribute 6",none,own,2,skilled employee / official,2,"yes, registered under the customers name ",yes,N,15.0,1478.0,4.0,4.0,44.0,< 0 DM,critical account/ other credits existing (not at this bank),radio/television,... < 100 DM,.. >= 7 years,male : single,none,"if not A121/A122 : car or other, not in attribute 6",none,own,2,skilled employee / official,2,"yes, registered under the customers name ",yes,N,31.299867153167725,Y,N,N,0.0,0.0,1.0,1.0,0.0,no checking account,critical account/ other credits existing (not at this bank),business,500 <= ... < 1000 DM ,... < 1 year ,male : single,co-applicant,"if not A121/A122 : car or other, not in attribute 6",none,own,2.0,unskilled - resident,1.0,"yes, registered under the customers name ",no,Y,4.0,250.0,4.0,4.0,19.0,no checking account,critical account/ other credits existing (not at this bank),business,500 <= ... < 1000 DM ,... < 1 year ,male : single,co-applicant,"if not A121/A122 : car or other, not in attribute 6",none,own,2.0,unskilled - resident,1.0,"yes, registered under the customers name ",no,Y
9,0,0.1617647058823529,0.0675690546935182,1.0,1.0,0.4464285714285714,< 0 DM,critical account/ other credits existing (not at this bank),radio/television,... < 100 DM,.. >= 7 years,male : single,none,"if not A121/A122 : car or other, not in attribute 6",none,own,2,skilled employee / official,2,"yes, registered under the customers name ",yes,N,15.0,1478.0,4.0,4.0,44.0,< 0 DM,critical account/ other credits existing (not at this bank),radio/television,... < 100 DM,.. >= 7 years,male : single,none,"if not A121/A122 : car or other, not in attribute 6",none,own,2,skilled employee / official,2,"yes, registered under the customers name ",yes,N,29.97986102104187,Y,N,N,0.0,0.0,1.0,1.0,0.0,no checking account,critical account/ other credits existing (not at this bank),business,500 <= ... < 1000 DM ,... < 1 year ,male : single,co-applicant,"if not A121/A122 : car or other, not in attribute 6",none,own,2.0,unskilled - resident,1.0,"yes, registered under the customers name ",no,Y,4.0,250.0,4.0,4.0,19.0,no checking account,critical account/ other credits existing (not at this bank),business,500 <= ... < 1000 DM ,... < 1 year ,male : single,co-applicant,"if not A121/A122 : car or other, not in attribute 6",none,own,2.0,unskilled - resident,1.0,"yes, registered under the customers name ",no,Y
10,0,0.0735294117647058,0.0688345988775173,0.3333333333333333,0.6666666666666667,0.2678571428571428,0 <= ... < 200 DM,critical account/ other credits existing (not at this bank),(vacation - does not exist?),... < 100 DM,.. >= 7 years,female : divorced/separated/married,none,"if not A121/A122 : car or other, not in attribute 6",none,own,2,management/ self-employed/ highly qualified employee/ officer,1,"yes, registered under the customers name ",yes,Y,9.0,1501.0,2.0,3.0,34.0,0 <= ... < 200 DM,critical account/ other credits existing (not at this bank),(vacation - does not exist?),... < 100 DM,.. >= 7 years,female : divorced/separated/married,none,"if not A121/A122 : car or other, not in attribute 6",none,own,2,management/ self-employed/ highly qualified employee/ officer,1,"yes, registered under the customers name ",yes,Y,29.177032947540283,N,Y,Y,,,,,,,,,,,,,,,,,,,,,,,,,,,,,,,,,,,,,,,,,,
10,0,0.0735294117647058,0.0688345988775173,0.3333333333333333,0.6666666666666667,0.2678571428571428,0 <= ... < 200 DM,critical account/ other credits existing (not at this bank),(vacation - does not exist?),... < 100 DM,.. >= 7 years,female : divorced/separated/married,none,"if not A121/A122 : car or other, not in attribute 6",none,own,2,management/ self-employed/ highly qualified employee/ officer,1,"yes, registered under the customers name ",yes,Y,9.0,1501.0,2.0,3.0,34.0,0 <= ... < 200 DM,critical account/ other credits existing (not at this bank),(vacation - does not exist?),... < 100 DM,.. >= 7 years,female : divorced/separated/married,none,"if not A121/A122 : car or other, not in attribute 6",none,own,2,management/ self-employed/ highly qualified employee/ officer,1,"yes, registered under the customers name ",yes,Y,30.499983072280884,N,Y,Y,,,,,,,,,,,,,,,,,,,,,,,,,,,,,,,,,,,,,,,,,,
10,0,0.0735294117647058,0.0688345988775173,0.3333333333333333,0.6666666666666667,0.2678571428571428,0 <= ... < 200 DM,critical account/ other credits existing (not at this bank),(vacation - does not exist?),... < 100 DM,.. >= 7 years,female : divorced/separated/married,none,"if not A121/A122 : car or other, not in attribute 6",none,own,2,management/ self-employed/ highly qualified employee/ officer,1,"yes, registered under the customers name ",yes,Y,9.0,1501.0,2.0,3.0,34.0,0 <= ... < 200 DM,critical account/ other credits existing (not at this bank),(vacation - does not exist?),... < 100 DM,.. >= 7 years,female : divorced/separated/married,none,"if not A121/A122 : car or other, not in attribute 6",none,own,2,management/ self-employed/ highly qualified employee/ officer,1,"yes, registered under the customers name ",yes,Y,30.14889693260193,N,Y,Y,,,,,,,,,,,,,,,,,,,,,,,,,,,,,,,,,,,,,,,,,,
10,0,0.0735294117647058,0.0688345988775173,0.3333333333333333,0.6666666666666667,0.2678571428571428,0 <= ... < 200 DM,critical account/ other credits existing (not at this bank),(vacation - does not exist?),... < 100 DM,.. >= 7 years,female : divorced/separated/married,none,"if not A121/A122 : car or other, not in attribute 6",none,own,2,management/ self-employed/ highly qualified employee/ officer,1,"yes, registered under the customers name ",yes,Y,9.0,1501.0,2.0,3.0,34.0,0 <= ... < 200 DM,critical account/ other credits existing (not at this bank),(vacation - does not exist?),... < 100 DM,.. >= 7 years,female : divorced/separated/married,none,"if not A121/A122 : car or other, not in attribute 6",none,own,2,management/ self-employed/ highly qualified employee/ officer,1,"yes, registered under the customers name ",yes,Y,31.58331680297852,N,Y,Y,,,,,,,,,,,,,,,,,,,,,,,,,,,,,,,,,,,,,,,,,,
10,0,0.0735294117647058,0.0688345988775173,0.3333333333333333,0.6666666666666667,0.2678571428571428,0 <= ... < 200 DM,critical account/ other credits existing (not at this bank),(vacation - does not exist?),... < 100 DM,.. >= 7 years,female : divorced/separated/married,none,"if not A121/A122 : car or other, not in attribute 6",none,own,2,management/ self-employed/ highly qualified employee/ officer,1,"yes, registered under the customers name ",yes,Y,9.0,1501.0,2.0,3.0,34.0,0 <= ... < 200 DM,critical account/ other credits existing (not at this bank),(vacation - does not exist?),... < 100 DM,.. >= 7 years,female : divorced/separated/married,none,"if not A121/A122 : car or other, not in attribute 6",none,own,2,management/ self-employed/ highly qualified employee/ officer,1,"yes, registered under the customers name ",yes,Y,31.88023781776428,N,Y,Y,,,,,,,,,,,,,,,,,,,,,,,,,,,,,,,,,,,,,,,,,,
11,0,0.1176470588235294,0.052272477165181,1.0,1.0,0.0714285714285714,< 0 DM,existing credits paid back duly till now,(vacation - does not exist?),unknown/ no savings account,1 <= ... < 4 years,female : divorced/separated/married,none,if not A121 : building society savings agreement/ life insurance,bank,rent,1,skilled employee / official,1,"yes, registered under the customers name ",yes,N,11.999999999999998,1200.0,4.0,4.0,23.0,< 0 DM,existing credits paid back duly till now,(vacation - does not exist?),unknown/ no savings account,1 <= ... < 4 years,female : divorced/separated/married,none,if not A121 : building society savings agreement/ life insurance,bank,rent,1,skilled employee / official,1,"yes, registered under the customers name ",yes,N,28.977447748184204,Y,N,N,0.0,0.0,1.0,1.0,0.0,no checking account,critical account/ other credits existing (not at this bank),business,500 <= ... < 1000 DM ,... < 1 year ,male : single,co-applicant,"if not A121/A122 : car or other, not in attribute 6",none,own,2.0,unskilled - resident,1.0,"yes, registered under the customers name ",no,Y,4.0,250.0,4.0,4.0,19.0,no checking account,critical account/ other credits existing (not at this bank),business,500 <= ... < 1000 DM ,... < 1 year ,male : single,co-applicant,"if not A121/A122 : car or other, not in attribute 6",none,own,2.0,unskilled - resident,1.0,"yes, registered under the customers name ",no,Y
11,0,0.1176470588235294,0.052272477165181,1.0,1.0,0.0714285714285714,< 0 DM,existing credits paid back duly till now,(vacation - does not exist?),unknown/ no savings account,1 <= ... < 4 years,female : divorced/separated/married,none,if not A121 : building society savings agreement/ life insurance,bank,rent,1,skilled employee / official,1,"yes, registered under the customers name ",yes,N,11.999999999999998,1200.0,4.0,4.0,23.0,< 0 DM,existing credits paid back duly till now,(vacation - does not exist?),unknown/ no savings account,1 <= ... < 4 years,female : divorced/separated/married,none,if not A121 : building society savings agreement/ life insurance,bank,rent,1,skilled employee / official,1,"yes, registered under the customers name ",yes,N,30.76637887954712,Y,N,N,0.0,0.0,1.0,1.0,0.0,no checking account,critical account/ other credits existing (not at this bank),business,500 <= ... < 1000 DM ,... < 1 year ,male : single,co-applicant,"if not A121/A122 : car or other, not in attribute 6",none,own,2.0,unskilled - resident,1.0,"yes, registered under the customers name ",no,Y,4.0,250.0,4.0,4.0,19.0,no checking account,critical account/ other credits existing (not at this bank),business,500 <= ... < 1000 DM ,... < 1 year ,male : single,co-applicant,"if not A121/A122 : car or other, not in attribute 6",none,own,2.0,unskilled - resident,1.0,"yes, registered under the customers name ",no,Y
11,0,0.1176470588235294,0.052272477165181,1.0,1.0,0.0714285714285714,< 0 DM,existing credits paid back duly till now,(vacation - does not exist?),unknown/ no savings account,1 <= ... < 4 years,female : divorced/separated/married,none,if not A121 : building society savings agreement/ life insurance,bank,rent,1,skilled employee / official,1,"yes, registered under the customers name ",yes,N,11.999999999999998,1200.0,4.0,4.0,23.0,< 0 DM,existing credits paid back duly till now,(vacation - does not exist?),unknown/ no savings account,1 <= ... < 4 years,female : divorced/separated/married,none,if not A121 : building society savings agreement/ life insurance,bank,rent,1,skilled employee / official,1,"yes, registered under the customers name ",yes,N,29.89103984832764,Y,N,N,0.0,0.0,1.0,1.0,0.0,no checking account,critical account/ other credits existing (not at this bank),business,500 <= ... < 1000 DM ,... < 1 year ,male : single,co-applicant,"if not A121/A122 : car or other, not in attribute 6",none,own,2.0,unskilled - resident,1.0,"yes, registered under the customers name ",no,Y,4.0,250.0,4.0,4.0,19.0,no checking account,critical account/ other credits existing (not at this bank),business,500 <= ... < 1000 DM ,... < 1 year ,male : single,co-applicant,"if not A121/A122 : car or other, not in attribute 6",none,own,2.0,unskilled - resident,1.0,"yes, registered under the customers name ",no,Y
11,0,0.1176470588235294,0.052272477165181,1.0,1.0,0.0714285714285714,< 0 DM,existing credits paid back duly till now,(vacation - does not exist?),unknown/ no savings account,1 <= ... < 4 years,female : divorced/separated/married,none,if not A121 : building society savings agreement/ life insurance,bank,rent,1,skilled employee / official,1,"yes, registered under the customers name ",yes,N,11.999999999999998,1200.0,4.0,4.0,23.0,< 0 DM,existing credits paid back duly till now,(vacation - does not exist?),unknown/ no savings account,1 <= ... < 4 years,female : divorced/separated/married,none,if not A121 : building society savings agreement/ life insurance,bank,rent,1,skilled employee / official,1,"yes, registered under the customers name ",yes,N,31.71460485458374,Y,N,N,0.0,0.0,1.0,1.0,0.0,no checking account,critical account/ other credits existing (not at this bank),business,500 <= ... < 1000 DM ,... < 1 year ,male : single,co-applicant,"if not A121/A122 : car or other, not in attribute 6",none,own,2.0,unskilled - resident,1.0,"yes, registered under the customers name ",no,Y,4.0,250.0,4.0,4.0,19.0,no checking account,critical account/ other credits existing (not at this bank),business,500 <= ... < 1000 DM ,... < 1 year ,male : single,co-applicant,"if not A121/A122 : car or other, not in attribute 6",none,own,2.0,unskilled - resident,1.0,"yes, registered under the customers name ",no,Y
11,0,0.1176470588235294,0.052272477165181,1.0,1.0,0.0714285714285714,< 0 DM,existing credits paid back duly till now,(vacation - does not exist?),unknown/ no savings account,1 <= ... < 4 years,female : divorced/separated/married,none,if not A121 : building society savings agreement/ life insurance,bank,rent,1,skilled employee / official,1,"yes, registered under the customers name ",yes,N,11.999999999999998,1200.0,4.0,4.0,23.0,< 0 DM,existing credits paid back duly till now,(vacation - does not exist?),unknown/ no savings account,1 <= ... < 4 years,female : divorced/separated/married,none,if not A121 : building society savings agreement/ life insurance,bank,rent,1,skilled employee / official,1,"yes, registered under the customers name ",yes,N,30.28469300270081,Y,N,N,0.0,0.0,1.0,1.0,0.0,no checking account,critical account/ other credits existing (not at this bank),business,500 <= ... < 1000 DM ,... < 1 year ,male : single,co-applicant,"if not A121/A122 : car or other, not in attribute 6",none,own,2.0,unskilled - resident,1.0,"yes, registered under the customers name ",no,Y,4.0,250.0,4.0,4.0,19.0,no checking account,critical account/ other credits existing (not at this bank),business,500 <= ... < 1000 DM ,... < 1 year ,male : single,co-applicant,"if not A121/A122 : car or other, not in attribute 6",none,own,2.0,unskilled - resident,1.0,"yes, registered under the customers name ",no,Y
12,0,0.1176470588235294,0.0639925167822163,0.6666666666666667,0.3333333333333333,0.6428571428571428,no checking account,existing credits paid back duly till now,car (used),.. >= 1000 DM ,4 <= ... < 7 years,male : single,none,if not A121 : building society savings agreement/ life insurance,none,own,1,skilled employee / official,1,none,no,N,11.999999999999998,1413.0,3.0,2.0,54.99999999999999,no checking account,existing credits paid back duly till now,car (used),.. >= 1000 DM ,4 <= ... < 7 years,male : single,none,if not A121 : building society savings agreement/ life insurance,none,own,1,skilled employee / official,1,none,no,N,29.21437120437622,Y,N,N,0.0,0.0,0.0,0.0,0.0,no checking account,critical account/ other credits existing (not at this bank),business,500 <= ... < 1000 DM ,... < 1 year ,male : single,co-applicant,"if not A121/A122 : car or other, not in attribute 6",none,own,2.0,unskilled - resident,1.0,"yes, registered under the customers name ",no,Y,4.0,250.0,1.0,1.0,19.0,no checking account,critical account/ other credits existing (not at this bank),business,500 <= ... < 1000 DM ,... < 1 year ,male : single,co-applicant,"if not A121/A122 : car or other, not in attribute 6",none,own,2.0,unskilled - resident,1.0,"yes, registered under the customers name ",no,Y
12,0,0.1176470588235294,0.0639925167822163,0.6666666666666667,0.3333333333333333,0.6428571428571428,no checking account,existing credits paid back duly till now,car (used),.. >= 1000 DM ,4 <= ... < 7 years,male : single,none,if not A121 : building society savings agreement/ life insurance,none,own,1,skilled employee / official,1,none,no,N,11.999999999999998,1413.0,3.0,2.0,54.99999999999999,no checking account,existing credits paid back duly till now,car (used),.. >= 1000 DM ,4 <= ... < 7 years,male : single,none,if not A121 : building society savings agreement/ life insurance,none,own,1,skilled employee / official,1,none,no,N,30.50718092918396,Y,N,N,0.0,0.0,0.0,0.0,0.0,no checking account,critical account/ other credits existing (not at this bank),business,500 <= ... < 1000 DM ,... < 1 year ,male : single,co-applicant,"if not A121/A122 : car or other, not in attribute 6",none,own,2.0,unskilled - resident,1.0,"yes, registered under the customers name ",no,Y,4.0,250.0,1.0,1.0,19.0,no checking account,critical account/ other credits existing (not at this bank),business,500 <= ... < 1000 DM ,... < 1 year ,male : single,co-applicant,"if not A121/A122 : car or other, not in attribute 6",none,own,2.0,unskilled - resident,1.0,"yes, registered under the customers name ",no,Y
12,0,0.1176470588235294,0.0639925167822163,0.6666666666666667,0.3333333333333333,0.6428571428571428,no checking account,existing credits paid back duly till now,car (used),.. >= 1000 DM ,4 <= ... < 7 years,male : single,none,if not A121 : building society savings agreement/ life insurance,none,own,1,skilled employee / official,1,none,no,N,11.999999999999998,1413.0,3.0,2.0,54.99999999999999,no checking account,existing credits paid back duly till now,car (used),.. >= 1000 DM ,4 <= ... < 7 years,male : single,none,if not A121 : building society savings agreement/ life insurance,none,own,1,skilled employee / official,1,none,no,N,29.530755043029785,Y,N,N,0.0,0.0,0.0,0.0,0.0,no checking account,critical account/ other credits existing (not at this bank),business,500 <= ... < 1000 DM ,... < 1 year ,male : single,co-applicant,"if not A121/A122 : car or other, not in attribute 6",none,own,2.0,unskilled - resident,1.0,"yes, registered under the customers name ",no,Y,4.0,250.0,1.0,1.0,19.0,no checking account,critical account/ other credits existing (not at this bank),business,500 <= ... < 1000 DM ,... < 1 year ,male : single,co-applicant,"if not A121/A122 : car or other, not in attribute 6",none,own,2.0,unskilled - resident,1.0,"yes, registered under the customers name ",no,Y
12,0,0.1176470588235294,0.0639925167822163,0.6666666666666667,0.3333333333333333,0.6428571428571428,no checking account,existing credits paid back duly till now,car (used),.. >= 1000 DM ,4 <= ... < 7 years,male : single,none,if not A121 : building society savings agreement/ life insurance,none,own,1,skilled employee / official,1,none,no,N,11.999999999999998,1413.0,3.0,2.0,54.99999999999999,no checking account,existing credits paid back duly till now,car (used),.. >= 1000 DM ,4 <= ... < 7 years,male : single,none,if not A121 : building society savings agreement/ life insurance,none,own,1,skilled employee / official,1,none,no,N,31.415451049804688,Y,N,N,0.0,0.0,0.0,0.0,0.0,no checking account,critical account/ other credits existing (not at this bank),business,500 <= ... < 1000 DM ,... < 1 year ,male : single,co-applicant,"if not A121/A122 : car or other, not in attribute 6",none,own,2.0,unskilled - resident,1.0,"yes, registered under the customers name ",no,Y,4.0,250.0,1.0,1.0,19.0,no checking account,critical account/ other credits existing (not at this bank),business,500 <= ... < 1000 DM ,... < 1 year ,male : single,co-applicant,"if not A121/A122 : car or other, not in attribute 6",none,own,2.0,unskilled - resident,1.0,"yes, registered under the customers name ",no,Y
12,0,0.1176470588235294,0.0639925167822163,0.6666666666666667,0.3333333333333333,0.6428571428571428,no checking account,existing credits paid back duly till now,car (used),.. >= 1000 DM ,4 <= ... < 7 years,male : single,none,if not A121 : building society savings agreement/ life insurance,none,own,1,skilled employee / official,1,none,no,N,11.999999999999998,1413.0,3.0,2.0,54.99999999999999,no checking account,existing credits paid back duly till now,car (used),.. >= 1000 DM ,4 <= ... < 7 years,male : single,none,if not A121 : building society savings agreement/ life insurance,none,own,1,skilled employee / official,1,none,no,N,29.905954837799072,Y,N,N,0.0,0.0,0.0,0.0,0.0,no checking account,critical account/ other credits existing (not at this bank),business,500 <= ... < 1000 DM ,... < 1 year ,male : single,co-applicant,"if not A121/A122 : car or other, not in attribute 6",none,own,2.0,unskilled - resident,1.0,"yes, registered under the customers name ",no,Y,4.0,250.0,1.0,1.0,19.0,no checking account,critical account/ other credits existing (not at this bank),business,500 <= ... < 1000 DM ,... < 1 year ,male : single,co-applicant,"if not A121/A122 : car or other, not in attribute 6",none,own,2.0,unskilled - resident,1.0,"yes, registered under the customers name ",no,Y
13,0,0.4705882352941176,0.7740728513260702,1.0,0.3333333333333333,0.6785714285714286,0 <= ... < 200 DM,existing credits paid back duly till now,car (new),... < 100 DM,.. >= 7 years,male : single,none,unknown / no property,none,for free,1,management/ self-employed/ highly qualified employee/ officer,1,"yes, registered under the customers name ",yes,Y,36.0,14318.0,4.0,2.0,57.0,0 <= ... < 200 DM,existing credits paid back duly till now,car (new),... < 100 DM,.. >= 7 years,male : single,none,unknown / no property,none,for free,1,management/ self-employed/ highly qualified employee/ officer,1,"yes, registered under the customers name ",yes,Y,29.27406215667725,N,Y,Y,,,,,,,,,,,,,,,,,,,,,,,,,,,,,,,,,,,,,,,,,,
13,0,0.4705882352941176,0.7740728513260702,1.0,0.3333333333333333,0.6785714285714286,0 <= ... < 200 DM,existing credits paid back duly till now,car (new),... < 100 DM,.. >= 7 years,male : single,none,unknown / no property,none,for free,1,management/ self-employed/ highly qualified employee/ officer,1,"yes, registered under the customers name ",yes,Y,36.0,14318.0,4.0,2.0,57.0,0 <= ... < 200 DM,existing credits paid back duly till now,car (new),... < 100 DM,.. >= 7 years,male : single,none,unknown / no property,none,for free,1,management/ self-employed/ highly qualified employee/ officer,1,"yes, registered under the customers name ",yes,Y,30.66102814674377,N,Y,Y,,,,,,,,,,,,,,,,,,,,,,,,,,,,,,,,,,,,,,,,,,
13,0,0.4705882352941176,0.7740728513260702,1.0,0.3333333333333333,0.6785714285714286,0 <= ... < 200 DM,existing credits paid back duly till now,car (new),... < 100 DM,.. >= 7 years,male : single,none,unknown / no property,none,for free,1,management/ self-employed/ highly qualified employee/ officer,1,"yes, registered under the customers name ",yes,Y,36.0,14318.0,4.0,2.0,57.0,0 <= ... < 200 DM,existing credits paid back duly till now,car (new),... < 100 DM,.. >= 7 years,male : single,none,unknown / no property,none,for free,1,management/ self-employed/ highly qualified employee/ officer,1,"yes, registered under the customers name ",yes,Y,30.047926902771,N,Y,Y,,,,,,,,,,,,,,,,,,,,,,,,,,,,,,,,,,,,,,,,,,
13,0,0.4705882352941176,0.7740728513260702,1.0,0.3333333333333333,0.6785714285714286,0 <= ... < 200 DM,existing credits paid back duly till now,car (new),... < 100 DM,.. >= 7 years,male : single,none,unknown / no property,none,for free,1,management/ self-employed/ highly qualified employee/ officer,1,"yes, registered under the customers name ",yes,Y,36.0,14318.0,4.0,2.0,57.0,0 <= ... < 200 DM,existing credits paid back duly till now,car (new),... < 100 DM,.. >= 7 years,male : single,none,unknown / no property,none,for free,1,management/ self-employed/ highly qualified employee/ officer,1,"yes, registered under the customers name ",yes,Y,31.29448914527893,N,Y,Y,,,,,,,,,,,,,,,,,,,,,,,,,,,,,,,,,,,,,,,,,,
13,0,0.4705882352941176,0.7740728513260702,1.0,0.3333333333333333,0.6785714285714286,0 <= ... < 200 DM,existing credits paid back duly till now,car (new),... < 100 DM,.. >= 7 years,male : single,none,unknown / no property,none,for free,1,management/ self-employed/ highly qualified employee/ officer,1,"yes, registered under the customers name ",yes,Y,36.0,14318.0,4.0,2.0,57.0,0 <= ... < 200 DM,existing credits paid back duly till now,car (new),... < 100 DM,.. >= 7 years,male : single,none,unknown / no property,none,for free,1,management/ self-employed/ highly qualified employee/ officer,1,"yes, registered under the customers name ",yes,Y,30.372793912887573,N,Y,Y,,,,,,,,,,,,,,,,,,,,,,,,,,,,,,,,,,,,,,,,,,
14,0,0.0735294117647058,0.057114559260482,0.6666666666666667,1.0,0.5178571428571428,< 0 DM,critical account/ other credits existing (not at this bank),education,100 <= ... < 500 DM,.. >= 7 years,male : single,guarantor,real estate,none,own,2,skilled employee / official,2,none,no,N,9.0,1288.0,3.0,4.0,47.99999999999999,< 0 DM,critical account/ other credits existing (not at this bank),education,100 <= ... < 500 DM,.. >= 7 years,male : single,guarantor,real estate,none,own,2,skilled employee / official,2,none,no,N,28.983223915100098,Y,N,N,0.0,0.0,0.0,1.0,0.0,no checking account,critical account/ other credits existing (not at this bank),business,500 <= ... < 1000 DM ,... < 1 year ,male : single,co-applicant,"if not A121/A122 : car or other, not in attribute 6",none,own,2.0,unskilled - resident,1.0,"yes, registered under the customers name ",no,Y,4.0,250.0,1.0,4.0,19.0,no checking account,critical account/ other credits existing (not at this bank),business,500 <= ... < 1000 DM ,... < 1 year ,male : single,co-applicant,"if not A121/A122 : car or other, not in attribute 6",none,own,2.0,unskilled - resident,1.0,"yes, registered under the customers name ",no,Y
14,0,0.0735294117647058,0.057114559260482,0.6666666666666667,1.0,0.5178571428571428,< 0 DM,critical account/ other credits existing (not at this bank),education,100 <= ... < 500 DM,.. >= 7 years,male : single,guarantor,real estate,none,own,2,skilled employee / official,2,none,no,N,9.0,1288.0,3.0,4.0,47.99999999999999,< 0 DM,critical account/ other credits existing (not at this bank),education,100 <= ... < 500 DM,.. >= 7 years,male : single,guarantor,real estate,none,own,2,skilled employee / official,2,none,no,N,31.14350533485413,Y,N,N,0.0,0.0,0.0,1.0,0.0,no checking account,critical account/ other credits existing (not at this bank),business,500 <= ... < 1000 DM ,... < 1 year ,male : single,co-applicant,"if not A121/A122 : car or other, not in attribute 6",none,own,2.0,unskilled - resident,1.0,"yes, registered under the customers name ",no,Y,4.0,250.0,1.0,4.0,19.0,no checking account,critical account/ other credits existing (not at this bank),business,500 <= ... < 1000 DM ,... < 1 year ,male : single,co-applicant,"if not A121/A122 : car or other, not in attribute 6",none,own,2.0,unskilled - resident,1.0,"yes, registered under the customers name ",no,Y
14,0,0.0735294117647058,0.057114559260482,0.6666666666666667,1.0,0.5178571428571428,< 0 DM,critical account/ other credits existing (not at this bank),education,100 <= ... < 500 DM,.. >= 7 years,male : single,guarantor,real estate,none,own,2,skilled employee / official,2,none,no,N,9.0,1288.0,3.0,4.0,47.99999999999999,< 0 DM,critical account/ other credits existing (not at this bank),education,100 <= ... < 500 DM,.. >= 7 years,male : single,guarantor,real estate,none,own,2,skilled employee / official,2,none,no,N,30.13020086288452,Y,N,N,0.0,0.0,0.0,1.0,0.0,no checking account,critical account/ other credits existing (not at this bank),business,500 <= ... < 1000 DM ,... < 1 year ,male : single,co-applicant,"if not A121/A122 : car or other, not in attribute 6",none,own,2.0,unskilled - resident,1.0,"yes, registered under the customers name ",no,Y,4.0,250.0,1.0,4.0,19.0,no checking account,critical account/ other credits existing (not at this bank),business,500 <= ... < 1000 DM ,... < 1 year ,male : single,co-applicant,"if not A121/A122 : car or other, not in attribute 6",none,own,2.0,unskilled - resident,1.0,"yes, registered under the customers name ",no,Y
14,0,0.0735294117647058,0.057114559260482,0.6666666666666667,1.0,0.5178571428571428,< 0 DM,critical account/ other credits existing (not at this bank),education,100 <= ... < 500 DM,.. >= 7 years,male : single,guarantor,real estate,none,own,2,skilled employee / official,2,none,no,N,9.0,1288.0,3.0,4.0,47.99999999999999,< 0 DM,critical account/ other credits existing (not at this bank),education,100 <= ... < 500 DM,.. >= 7 years,male : single,guarantor,real estate,none,own,2,skilled employee / official,2,none,no,N,31.1400089263916,Y,N,N,0.0,0.0,0.0,1.0,0.0,no checking account,critical account/ other credits existing (not at this bank),business,500 <= ... < 1000 DM ,... < 1 year ,male : single,co-applicant,"if not A121/A122 : car or other, not in attribute 6",none,own,2.0,unskilled - resident,1.0,"yes, registered under the customers name ",no,Y,4.0,250.0,1.0,4.0,19.0,no checking account,critical account/ other credits existing (not at this bank),business,500 <= ... < 1000 DM ,... < 1 year ,male : single,co-applicant,"if not A121/A122 : car or other, not in attribute 6",none,own,2.0,unskilled - resident,1.0,"yes, registered under the customers name ",no,Y
14,0,0.0735294117647058,0.057114559260482,0.6666666666666667,1.0,0.5178571428571428,< 0 DM,critical account/ other credits existing (not at this bank),education,100 <= ... < 500 DM,.. >= 7 years,male : single,guarantor,real estate,none,own,2,skilled employee / official,2,none,no,N,9.0,1288.0,3.0,4.0,47.99999999999999,< 0 DM,critical account/ other credits existing (not at this bank),education,100 <= ... < 500 DM,.. >= 7 years,male : single,guarantor,real estate,none,own,2,skilled employee / official,2,none,no,N,29.60060286521912,Y,N,N,0.0,0.0,0.0,1.0,0.0,no checking account,critical account/ other credits existing (not at this bank),business,500 <= ... < 1000 DM ,... < 1 year ,male : single,co-applicant,"if not A121/A122 : car or other, not in attribute 6",none,own,2.0,unskilled - resident,1.0,"yes, registered under the customers name ",no,Y,4.0,250.0,1.0,4.0,19.0,no checking account,critical account/ other credits existing (not at this bank),business,500 <= ... < 1000 DM ,... < 1 year ,male : single,co-applicant,"if not A121/A122 : car or other, not in attribute 6",none,own,2.0,unskilled - resident,1.0,"yes, registered under the customers name ",no,Y
15,0,0.2941176470588235,0.0701551667216903,1.0,0.6666666666666667,0.2678571428571428,no checking account,existing credits paid back duly till now,car (new),.. >= 1000 DM ,4 <= ... < 7 years,female : divorced/separated/married,none,"if not A121/A122 : car or other, not in attribute 6",none,own,1,skilled employee / official,2,"yes, registered under the customers name ",yes,N,24.0,1525.0,4.0,3.0,34.0,no checking account,existing credits paid back duly till now,car (new),.. >= 1000 DM ,4 <= ... < 7 years,female : divorced/separated/married,none,"if not A121/A122 : car or other, not in attribute 6",none,own,1,skilled employee / official,2,"yes, registered under the customers name ",yes,N,28.96999502182007,Y,N,N,0.0,0.0,1.0,0.0,0.0,no checking account,critical account/ other credits existing (not at this bank),business,500 <= ... < 1000 DM ,... < 1 year ,male : single,co-applicant,"if not A121/A122 : car or other, not in attribute 6",none,own,2.0,unskilled - resident,1.0,"yes, registered under the customers name ",no,Y,4.0,250.0,4.0,1.0,19.0,no checking account,critical account/ other credits existing (not at this bank),business,500 <= ... < 1000 DM ,... < 1 year ,male : single,co-applicant,"if not A121/A122 : car or other, not in attribute 6",none,own,2.0,unskilled - resident,1.0,"yes, registered under the customers name ",no,Y
15,0,0.2941176470588235,0.0701551667216903,1.0,0.6666666666666667,0.2678571428571428,no checking account,existing credits paid back duly till now,car (new),.. >= 1000 DM ,4 <= ... < 7 years,female : divorced/separated/married,none,"if not A121/A122 : car or other, not in attribute 6",none,own,1,skilled employee / official,2,"yes, registered under the customers name ",yes,N,24.0,1525.0,4.0,3.0,34.0,no checking account,existing credits paid back duly till now,car (new),.. >= 1000 DM ,4 <= ... < 7 years,female : divorced/separated/married,none,"if not A121/A122 : car or other, not in attribute 6",none,own,1,skilled employee / official,2,"yes, registered under the customers name ",yes,N,30.466562032699585,Y,N,N,0.0,0.0,1.0,0.0,0.0,no checking account,critical account/ other credits existing (not at this bank),business,500 <= ... < 1000 DM ,... < 1 year ,male : single,co-applicant,"if not A121/A122 : car or other, not in attribute 6",none,own,2.0,unskilled - resident,1.0,"yes, registered under the customers name ",no,Y,4.0,250.0,4.0,1.0,19.0,no checking account,critical account/ other credits existing (not at this bank),business,500 <= ... < 1000 DM ,... < 1 year ,male : single,co-applicant,"if not A121/A122 : car or other, not in attribute 6",none,own,2.0,unskilled - resident,1.0,"yes, registered under the customers name ",no,Y
15,0,0.2941176470588235,0.0701551667216903,1.0,0.6666666666666667,0.2678571428571428,no checking account,existing credits paid back duly till now,car (new),.. >= 1000 DM ,4 <= ... < 7 years,female : divorced/separated/married,none,"if not A121/A122 : car or other, not in attribute 6",none,own,1,skilled employee / official,2,"yes, registered under the customers name ",yes,N,24.0,1525.0,4.0,3.0,34.0,no checking account,existing credits paid back duly till now,car (new),.. >= 1000 DM ,4 <= ... < 7 years,female : divorced/separated/married,none,"if not A121/A122 : car or other, not in attribute 6",none,own,1,skilled employee / official,2,"yes, registered under the customers name ",yes,N,29.938884735107425,Y,N,N,0.0,0.0,1.0,0.0,0.0,no checking account,critical account/ other credits existing (not at this bank),business,500 <= ... < 1000 DM ,... < 1 year ,male : single,co-applicant,"if not A121/A122 : car or other, not in attribute 6",none,own,2.0,unskilled - resident,1.0,"yes, registered under the customers name ",no,Y,4.0,250.0,4.0,1.0,19.0,no checking account,critical account/ other credits existing (not at this bank),business,500 <= ... < 1000 DM ,... < 1 year ,male : single,co-applicant,"if not A121/A122 : car or other, not in attribute 6",none,own,2.0,unskilled - resident,1.0,"yes, registered under the customers name ",no,Y
15,0,0.2941176470588235,0.0701551667216903,1.0,0.6666666666666667,0.2678571428571428,no checking account,existing credits paid back duly till now,car (new),.. >= 1000 DM ,4 <= ... < 7 years,female : divorced/separated/married,none,"if not A121/A122 : car or other, not in attribute 6",none,own,1,skilled employee / official,2,"yes, registered under the customers name ",yes,N,24.0,1525.0,4.0,3.0,34.0,no checking account,existing credits paid back duly till now,car (new),.. >= 1000 DM ,4 <= ... < 7 years,female : divorced/separated/married,none,"if not A121/A122 : car or other, not in attribute 6",none,own,1,skilled employee / official,2,"yes, registered under the customers name ",yes,N,31.497545957565308,Y,N,N,0.0,0.0,1.0,0.0,0.0,no checking account,critical account/ other credits existing (not at this bank),business,500 <= ... < 1000 DM ,... < 1 year ,male : single,co-applicant,"if not A121/A122 : car or other, not in attribute 6",none,own,2.0,unskilled - resident,1.0,"yes, registered under the customers name ",no,Y,4.0,250.0,4.0,1.0,19.0,no checking account,critical account/ other credits existing (not at this bank),business,500 <= ... < 1000 DM ,... < 1 year ,male : single,co-applicant,"if not A121/A122 : car or other, not in attribute 6",none,own,2.0,unskilled - resident,1.0,"yes, registered under the customers name ",no,Y
15,0,0.2941176470588235,0.0701551667216903,1.0,0.6666666666666667,0.2678571428571428,no checking account,existing credits paid back duly till now,car (new),.. >= 1000 DM ,4 <= ... < 7 years,female : divorced/separated/married,none,"if not A121/A122 : car or other, not in attribute 6",none,own,1,skilled employee / official,2,"yes, registered under the customers name ",yes,N,24.0,1525.0,4.0,3.0,34.0,no checking account,existing credits paid back duly till now,car (new),.. >= 1000 DM ,4 <= ... < 7 years,female : divorced/separated/married,none,"if not A121/A122 : car or other, not in attribute 6",none,own,1,skilled employee / official,2,"yes, registered under the customers name ",yes,N,29.651749849319454,Y,N,N,0.0,0.0,1.0,0.0,0.0,no checking account,critical account/ other credits existing (not at this bank),business,500 <= ... < 1000 DM ,... < 1 year ,male : single,co-applicant,"if not A121/A122 : car or other, not in attribute 6",none,own,2.0,unskilled - resident,1.0,"yes, registered under the customers name ",no,Y,4.0,250.0,4.0,1.0,19.0,no checking account,critical account/ other credits existing (not at this bank),business,500 <= ... < 1000 DM ,... < 1 year ,male : single,co-applicant,"if not A121/A122 : car or other, not in attribute 6",none,own,2.0,unskilled - resident,1.0,"yes, registered under the customers name ",no,Y
16,0,0.2058823529411764,0.1031143391658413,1.0,1.0,0.0892857142857143,< 0 DM,critical account/ other credits existing (not at this bank),radio/television,... < 100 DM,1 <= ... < 4 years,female : divorced/separated/married,none,real estate,none,rent,2,skilled employee / official,1,none,yes,Y,18.0,2124.0,4.0,4.0,24.0,< 0 DM,critical account/ other credits existing (not at this bank),radio/television,... < 100 DM,1 <= ... < 4 years,female : divorced/separated/married,none,real estate,none,rent,2,skilled employee / official,1,none,yes,Y,29.2331326007843,N,Y,Y,,,,,,,,,,,,,,,,,,,,,,,,,,,,,,,,,,,,,,,,,,
16,0,0.2058823529411764,0.1031143391658413,1.0,1.0,0.0892857142857143,< 0 DM,critical account/ other credits existing (not at this bank),radio/television,... < 100 DM,1 <= ... < 4 years,female : divorced/separated/married,none,real estate,none,rent,2,skilled employee / official,1,none,yes,Y,18.0,2124.0,4.0,4.0,24.0,< 0 DM,critical account/ other credits existing (not at this bank),radio/television,... < 100 DM,1 <= ... < 4 years,female : divorced/separated/married,none,real estate,none,rent,2,skilled employee / official,1,none,yes,Y,30.77107572555542,N,Y,Y,,,,,,,,,,,,,,,,,,,,,,,,,,,,,,,,,,,,,,,,,,
16,0,0.2058823529411764,0.1031143391658413,1.0,1.0,0.0892857142857143,< 0 DM,critical account/ other credits existing (not at this bank),radio/television,... < 100 DM,1 <= ... < 4 years,female : divorced/separated/married,none,real estate,none,rent,2,skilled employee / official,1,none,yes,Y,18.0,2124.0,4.0,4.0,24.0,< 0 DM,critical account/ other credits existing (not at this bank),radio/television,... < 100 DM,1 <= ... < 4 years,female : divorced/separated/married,none,real estate,none,rent,2,skilled employee / official,1,none,yes,Y,30.395472764968872,N,Y,Y,,,,,,,,,,,,,,,,,,,,,,,,,,,,,,,,,,,,,,,,,,
16,0,0.2058823529411764,0.1031143391658413,1.0,1.0,0.0892857142857143,< 0 DM,critical account/ other credits existing (not at this bank),radio/television,... < 100 DM,1 <= ... < 4 years,female : divorced/separated/married,none,real estate,none,rent,2,skilled employee / official,1,none,yes,Y,18.0,2124.0,4.0,4.0,24.0,< 0 DM,critical account/ other credits existing (not at this bank),radio/television,... < 100 DM,1 <= ... < 4 years,female : divorced/separated/married,none,real estate,none,rent,2,skilled employee / official,1,none,yes,Y,31.96645712852478,N,Y,Y,,,,,,,,,,,,,,,,,,,,,,,,,,,,,,,,,,,,,,,,,,
16,0,0.2058823529411764,0.1031143391658413,1.0,1.0,0.0892857142857143,< 0 DM,critical account/ other credits existing (not at this bank),radio/television,... < 100 DM,1 <= ... < 4 years,female : divorced/separated/married,none,real estate,none,rent,2,skilled employee / official,1,none,yes,Y,18.0,2124.0,4.0,4.0,24.0,< 0 DM,critical account/ other credits existing (not at this bank),radio/television,... < 100 DM,1 <= ... < 4 years,female : divorced/separated/married,none,real estate,none,rent,2,skilled employee / official,1,none,yes,Y,29.777915954589844,N,Y,Y,,,,,,,,,,,,,,,,,,,,,,,,,,,,,,,,,,,,,,,,,,
17,0,0.3823529411764705,0.2200396170353252,1.0,0.3333333333333333,0.1607142857142857,0 <= ... < 200 DM,critical account/ other credits existing (not at this bank),car (new),... < 100 DM,unemployed,male : married/widowed,none,"if not A121/A122 : car or other, not in attribute 6",none,own,2,management/ self-employed/ highly qualified employee/ officer,1,none,yes,Y,30.0,4249.0,4.0,2.0,28.0,0 <= ... < 200 DM,critical account/ other credits existing (not at this bank),car (new),... < 100 DM,unemployed,male : married/widowed,none,"if not A121/A122 : car or other, not in attribute 6",none,own,2,management/ self-employed/ highly qualified employee/ officer,1,none,yes,Y,29.371527910232544,N,Y,Y,,,,,,,,,,,,,,,,,,,,,,,,,,,,,,,,,,,,,,,,,,
17,0,0.3823529411764705,0.2200396170353252,1.0,0.3333333333333333,0.1607142857142857,0 <= ... < 200 DM,critical account/ other credits existing (not at this bank),car (new),... < 100 DM,unemployed,male : married/widowed,none,"if not A121/A122 : car or other, not in attribute 6",none,own,2,management/ self-employed/ highly qualified employee/ officer,1,none,yes,Y,30.0,4249.0,4.0,2.0,28.0,0 <= ... < 200 DM,critical account/ other credits existing (not at this bank),car (new),... < 100 DM,unemployed,male : married/widowed,none,"if not A121/A122 : car or other, not in attribute 6",none,own,2,management/ self-employed/ highly qualified employee/ officer,1,none,yes,Y,30.83092713356018,N,Y,Y,,,,,,,,,,,,,,,,,,,,,,,,,,,,,,,,,,,,,,,,,,
17,0,0.3823529411764705,0.2200396170353252,1.0,0.3333333333333333,0.1607142857142857,0 <= ... < 200 DM,critical account/ other credits existing (not at this bank),car (new),... < 100 DM,unemployed,male : married/widowed,none,"if not A121/A122 : car or other, not in attribute 6",none,own,2,management/ self-employed/ highly qualified employee/ officer,1,none,yes,Y,30.0,4249.0,4.0,2.0,28.0,0 <= ... < 200 DM,critical account/ other credits existing (not at this bank),car (new),... < 100 DM,unemployed,male : married/widowed,none,"if not A121/A122 : car or other, not in attribute 6",none,own,2,management/ self-employed/ highly qualified employee/ officer,1,none,yes,Y,30.912445783615112,N,Y,Y,,,,,,,,,,,,,,,,,,,,,,,,,,,,,,,,,,,,,,,,,,
17,0,0.3823529411764705,0.2200396170353252,1.0,0.3333333333333333,0.1607142857142857,0 <= ... < 200 DM,critical account/ other credits existing (not at this bank),car (new),... < 100 DM,unemployed,male : married/widowed,none,"if not A121/A122 : car or other, not in attribute 6",none,own,2,management/ self-employed/ highly qualified employee/ officer,1,none,yes,Y,30.0,4249.0,4.0,2.0,28.0,0 <= ... < 200 DM,critical account/ other credits existing (not at this bank),car (new),... < 100 DM,unemployed,male : married/widowed,none,"if not A121/A122 : car or other, not in attribute 6",none,own,2,management/ self-employed/ highly qualified employee/ officer,1,none,yes,Y,31.72501301765442,N,Y,Y,,,,,,,,,,,,,,,,,,,,,,,,,,,,,,,,,,,,,,,,,,
17,0,0.3823529411764705,0.2200396170353252,1.0,0.3333333333333333,0.1607142857142857,0 <= ... < 200 DM,critical account/ other credits existing (not at this bank),car (new),... < 100 DM,unemployed,male : married/widowed,none,"if not A121/A122 : car or other, not in attribute 6",none,own,2,management/ self-employed/ highly qualified employee/ officer,1,none,yes,Y,30.0,4249.0,4.0,2.0,28.0,0 <= ... < 200 DM,critical account/ other credits existing (not at this bank),car (new),... < 100 DM,unemployed,male : married/widowed,none,"if not A121/A122 : car or other, not in attribute 6",none,own,2,management/ self-employed/ highly qualified employee/ officer,1,none,yes,Y,30.145859956741333,N,Y,Y,,,,,,,,,,,,,,,,,,,,,,,,,,,,,,,,,,,,,,,,,,
18,0,0.3823529411764705,0.6464179597226807,0.0,0.0,0.2678571428571428,< 0 DM,existing credits paid back duly till now,education,... < 100 DM,... < 1 year ,male : divorced/separated,none,unknown / no property,none,own,1,unskilled - resident,1,"yes, registered under the customers name ",yes,Y,30.0,11998.0,1.0,1.0,34.0,< 0 DM,existing credits paid back duly till now,education,... < 100 DM,... < 1 year ,male : divorced/separated,none,unknown / no property,none,own,1,unskilled - resident,1,"yes, registered under the customers name ",yes,Y,29.308422088623047,N,Y,Y,,,,,,,,,,,,,,,,,,,,,,,,,,,,,,,,,,,,,,,,,,
18,0,0.3823529411764705,0.6464179597226807,0.0,0.0,0.2678571428571428,< 0 DM,existing credits paid back duly till now,education,... < 100 DM,... < 1 year ,male : divorced/separated,none,unknown / no property,none,own,1,unskilled - resident,1,"yes, registered under the customers name ",yes,Y,30.0,11998.0,1.0,1.0,34.0,< 0 DM,existing credits paid back duly till now,education,... < 100 DM,... < 1 year ,male : divorced/separated,none,unknown / no property,none,own,1,unskilled - resident,1,"yes, registered under the customers name ",yes,Y,30.848102807998657,N,Y,Y,,,,,,,,,,,,,,,,,,,,,,,,,,,,,,,,,,,,,,,,,,
18,0,0.3823529411764705,0.6464179597226807,0.0,0.0,0.2678571428571428,< 0 DM,existing credits paid back duly till now,education,... < 100 DM,... < 1 year ,male : divorced/separated,none,unknown / no property,none,own,1,unskilled - resident,1,"yes, registered under the customers name ",yes,Y,30.0,11998.0,1.0,1.0,34.0,< 0 DM,existing credits paid back duly till now,education,... < 100 DM,... < 1 year ,male : divorced/separated,none,unknown / no property,none,own,1,unskilled - resident,1,"yes, registered under the customers name ",yes,Y,30.60597515106201,N,Y,Y,,,,,,,,,,,,,,,,,,,,,,,,,,,,,,,,,,,,,,,,,,
18,0,0.3823529411764705,0.6464179597226807,0.0,0.0,0.2678571428571428,< 0 DM,existing credits paid back duly till now,education,... < 100 DM,... < 1 year ,male : divorced/separated,none,unknown / no property,none,own,1,unskilled - resident,1,"yes, registered under the customers name ",yes,Y,30.0,11998.0,1.0,1.0,34.0,< 0 DM,existing credits paid back duly till now,education,... < 100 DM,... < 1 year ,male : divorced/separated,none,unknown / no property,none,own,1,unskilled - resident,1,"yes, registered under the customers name ",yes,Y,32.47677397727966,N,Y,Y,,,,,,,,,,,,,,,,,,,,,,,,,,,,,,,,,,,,,,,,,,
18,0,0.3823529411764705,0.6464179597226807,0.0,0.0,0.2678571428571428,< 0 DM,existing credits paid back duly till now,education,... < 100 DM,... < 1 year ,male : divorced/separated,none,unknown / no property,none,own,1,unskilled - resident,1,"yes, registered under the customers name ",yes,Y,30.0,11998.0,1.0,1.0,34.0,< 0 DM,existing credits paid back duly till now,education,... < 100 DM,... < 1 year ,male : divorced/separated,none,unknown / no property,none,own,1,unskilled - resident,1,"yes, registered under the customers name ",yes,Y,31.076110124588013,N,Y,Y,,,,,,,,,,,,,,,,,,,,,,,,,,,,,,,,,,,,,,,,,,
19,0,0.2058823529411764,0.4523495102894244,0.0,0.3333333333333333,0.0714285714285714,< 0 DM,delay in paying off in the past,(vacation - does not exist?),unknown/ no savings account,1 <= ... < 4 years,female : divorced/separated/married,none,"if not A121/A122 : car or other, not in attribute 6",none,rent,2,skilled employee / official,1,"yes, registered under the customers name ",yes,Y,18.0,8471.0,1.0,2.0,23.0,< 0 DM,delay in paying off in the past,(vacation - does not exist?),unknown/ no savings account,1 <= ... < 4 years,female : divorced/separated/married,none,"if not A121/A122 : car or other, not in attribute 6",none,rent,2,skilled employee / official,1,"yes, registered under the customers name ",yes,Y,29.479043006896973,N,N,Y,,,,,,,,,,,,,,,,,,,,,,,,,,,,,,,,,,,,,,,,,,
19,0,0.2058823529411764,0.4523495102894244,0.0,0.3333333333333333,0.0714285714285714,< 0 DM,delay in paying off in the past,(vacation - does not exist?),unknown/ no savings account,1 <= ... < 4 years,female : divorced/separated/married,none,"if not A121/A122 : car or other, not in attribute 6",none,rent,2,skilled employee / official,1,"yes, registered under the customers name ",yes,Y,18.0,8471.0,1.0,2.0,23.0,< 0 DM,delay in paying off in the past,(vacation - does not exist?),unknown/ no savings account,1 <= ... < 4 years,female : divorced/separated/married,none,"if not A121/A122 : car or other, not in attribute 6",none,rent,2,skilled employee / official,1,"yes, registered under the customers name ",yes,Y,30.76822805404663,N,N,Y,,,,,,,,,,,,,,,,,,,,,,,,,,,,,,,,,,,,,,,,,,
19,0,0.2058823529411764,0.4523495102894244,0.0,0.3333333333333333,0.0714285714285714,< 0 DM,delay in paying off in the past,(vacation - does not exist?),unknown/ no savings account,1 <= ... < 4 years,female : divorced/separated/married,none,"if not A121/A122 : car or other, not in attribute 6",none,rent,2,skilled employee / official,1,"yes, registered under the customers name ",yes,Y,18.0,8471.0,1.0,2.0,23.0,< 0 DM,delay in paying off in the past,(vacation - does not exist?),unknown/ no savings account,1 <= ... < 4 years,female : divorced/separated/married,none,"if not A121/A122 : car or other, not in attribute 6",none,rent,2,skilled employee / official,1,"yes, registered under the customers name ",yes,Y,30.4768488407135,N,N,Y,,,,,,,,,,,,,,,,,,,,,,,,,,,,,,,,,,,,,,,,,,
19,0,0.2058823529411764,0.4523495102894244,0.0,0.3333333333333333,0.0714285714285714,< 0 DM,delay in paying off in the past,(vacation - does not exist?),unknown/ no savings account,1 <= ... < 4 years,female : divorced/separated/married,none,"if not A121/A122 : car or other, not in attribute 6",none,rent,2,skilled employee / official,1,"yes, registered under the customers name ",yes,Y,18.0,8471.0,1.0,2.0,23.0,< 0 DM,delay in paying off in the past,(vacation - does not exist?),unknown/ no savings account,1 <= ... < 4 years,female : divorced/separated/married,none,"if not A121/A122 : car or other, not in attribute 6",none,rent,2,skilled employee / official,1,"yes, registered under the customers name ",yes,Y,32.10392999649048,N,N,Y,,,,,,,,,,,,,,,,,,,,,,,,,,,,,,,,,,,,,,,,,,
19,0,0.2058823529411764,0.4523495102894244,0.0,0.3333333333333333,0.0714285714285714,< 0 DM,delay in paying off in the past,(vacation - does not exist?),unknown/ no savings account,1 <= ... < 4 years,female : divorced/separated/married,none,"if not A121/A122 : car or other, not in attribute 6",none,rent,2,skilled employee / official,1,"yes, registered under the customers name ",yes,Y,18.0,8471.0,1.0,2.0,23.0,< 0 DM,delay in paying off in the past,(vacation - does not exist?),unknown/ no savings account,1 <= ... < 4 years,female : divorced/separated/married,none,"if not A121/A122 : car or other, not in attribute 6",none,rent,2,skilled employee / official,1,"yes, registered under the customers name ",yes,Y,29.94999599456787,N,N,Y,,,,,,,,,,,,,,,,,,,,,,,,,,,,,,,,,,,,,,,,,,
